#Entity   SMCLK        MMCLK        DVCCTR                      MMTMP             TMPTR        POWER             TOTEC                   PSTAT        FANSP        GPUTL             MCUTL             ECUTL             DCUTL             MUSAM             GUSAM             PVIOL             TVIOL             SBVIO             BLVIO                       LUVIO                       RVIOL                       TAPCV                       TAPBC                       FBUSD             GRACT        SMACT        SMOCC        TENSO        DRAMA        FP64A        FP32A        FP16A        PCITX                       PCIRX                       NVLTX                       NVLRX                       
ID                                                              C                  C            W                 mJ                                                                                                                                                                                                                                                                                                                                                                                                                                                                                                                                                                                                       
GPU 0     1410         1512         0                           68                58           77.560            35660363022             0            N/A          2                 0                 0                 0                 0.000             98.000            0                 0                 0                 0                           0                           0                           170522472081152             166919250028288             444               1.000        1.000        0.296        0.000        0.000        0.000        0.000        0.000        95000957                    45968205                    0                           0                           
GPU 0     1410         1512         0                           68                62           240.232           35660377589             0            N/A          32                0                 0                 0                 0.000             32.000            0                 0                 0                 0                           0                           0                           170522472081152             166919250028288             444               0.998        0.000        0.000        0.000        0.000        0.000        0.000        0.000        884016                      1051500                     0                           0                           
GPU 0     1410         1512         0                           68                63           250.116           35660402489             0            N/A          32                0                 0                 0                 0.000             32.000            0                 0                 0                 0                           0                           0                           170522472081152             166919250028288             444               0.998        0.000        0.000        0.000        0.000        0.000        0.000        0.000        884016                      1051500                     0                           0                           
GPU 0     1410         1512         0                           69                63           248.297           35660427418             0            N/A          100               0                 0                 0                 0.000             99.000            0                 0                 0                 0                           0                           0                           170522472081152             166919250028288             444               0.998        0.794        0.188        0.000        0.000        0.000        0.000        0.000        8648327                     5357299                     0                           0                           
GPU 0     1410         1512         0                           69                63           249.928           35660452863             0            N/A          100               0                 0                 0                 0.000             99.000            0                 0                 0                 0                           0                           0                           170522472081152             166919250028288             444               0.998        0.790        0.186        0.000        0.000        0.000        0.000        0.000        14505033                    8729953                     0                           0                           
GPU 0     1410         1512         0                           69                63           249.351           35660477888             0            N/A          100               0                 0                 0                 0.000             99.000            0                 0                 0                 0                           0                           0                           170522472081152             166919250028288             444               0.998        0.787        0.185        0.000        0.000        0.000        0.000        0.000        3298463                     2541826                     0                           0                           
GPU 0     1410         1512         0                           69                63           249.642           35660502824             0            N/A          100               0                 0                 0                 0.000             99.000            0                 0                 0                 0                           0                           0                           170522472081152             166919250028288             444               0.998        0.795        0.187        0.000        0.000        0.000        0.000        0.000        3454061                     2529193                     0                           0                           
GPU 0     1410         1512         0                           69                63           249.556           35660527952             0            N/A          100               0                 0                 0                 0.000             99.000            0                 0                 0                 0                           0                           0                           170522472081152             166919250028288             444               0.998        0.790        0.187        0.000        0.000        0.000        0.000        0.000        9669082                     6705879                     0                           0                           
GPU 0     1410         1512         0                           69                64           247.373           35660552913             0            N/A          100               0                 0                 0                 0.000             99.000            0                 0                 0                 0                           0                           0                           170522472081152             166919250028288             444               0.998        0.000        0.000        0.000        0.000        0.000        0.000        0.000        3461148                     2389369                     0                           0                           
GPU 0     1410         1512         0                           69                64           249.052           35660577870             0            N/A          100               0                 0                 0                 0.000             99.000            0                 0                 0                 0                           0                           0                           170522472081152             166919250028288             444               0.998        0.794        0.187        0.000        0.000        0.000        0.000        0.000        6586095                     4729954                     0                           0                           
GPU 0     1410         1512         0                           69                64           250.692           35660603008             0            N/A          100               0                 0                 0                 0.000             99.000            0                 0                 0                 0                           0                           0                           170522472081152             166919250028288             444               0.998        0.791        0.186        0.000        0.000        0.000        0.000        0.000        6019276                     4274980                     0                           0                           
GPU 0     1410         1512         0                           69                64           249.320           35660627872             0            N/A          100               0                 0                 0                 0.000             99.000            0                 0                 0                 0                           0                           0                           170522472081152             166919250028288             444               0.998        0.790        0.185        0.000        0.000        0.000        0.000        0.000        6552602                     4772353                     0                           0                           
GPU 0     1410         1512         0                           69                64           248.842           35660678051             0            N/A          100               0                 0                 0                 0.000             99.000            0                 0                 0                 0                           0                           0                           170522472081152             166919250028288             444               0.997        0.795        0.188        0.000        0.000        0.000        0.000        0.000        6628762                     4691696                     0                           0                           
GPU 0     1410         1512         0                           69                64           248.348           35660702922             0            N/A          100               0                 0                 0                 0.000             99.000            0                 0                 0                 0                           0                           0                           170522472081152             166919250028288             444               0.998        0.795        0.187        0.000        0.000        0.000        0.000        0.000        1632483                     1539807                     0                           0                           
GPU 0     1410         1512         0                           69                64           247.982           35660728000             0            N/A          100               0                 0                 0                 0.000             99.000            0                 0                 0                 0                           0                           0                           170522472081152             166919250028288             444               0.998        0.000        0.000        0.000        0.000        0.000        0.000        0.000        5837047                     4338754                     0                           0                           
#Entity   SMCLK        MMCLK        DVCCTR                      MMTMP             TMPTR        POWER             TOTEC                   PSTAT        FANSP        GPUTL             MCUTL             ECUTL             DCUTL             MUSAM             GUSAM             PVIOL             TVIOL             SBVIO             BLVIO                       LUVIO                       RVIOL                       TAPCV                       TAPBC                       FBUSD             GRACT        SMACT        SMOCC        TENSO        DRAMA        FP64A        FP32A        FP16A        PCITX                       PCIRX                       NVLTX                       NVLRX                       
ID                                                              C                  C            W                 mJ                                                                                                                                                                                                                                                                                                                                                                                                                                                                                                                                                                                                       
GPU 0     1410         1512         0                           69                64           249.906           35660752958             0            N/A          100               0                 0                 0                 0.000             99.000            0                 0                 0                 0                           0                           0                           170522472081152             166919250028288             444               0.997        0.783        0.185        0.000        0.000        0.000        0.000        0.000        4892251                     3499650                     0                           0                           
GPU 0     1410         1512         0                           69                64           247.680           35660777953             0            N/A          100               0                 0                 0                 0.000             99.000            0                 0                 0                 0                           0                           0                           170522472081152             166919250028288             444               0.997        0.790        0.185        0.000        0.000        0.000        0.000        0.000        1317693                     1317640                     0                           0                           
GPU 0     1410         1512         0                           67                64           251.089           35660803143             0            N/A          100               0                 0                 0                 0.000             99.000            0                 0                 0                 0                           0                           0                           170522472081152             166919250028288             444               0.998        0.791        0.186        0.000        0.000        0.000        0.000        0.000        4884830                     3472577                     0                           0                           
GPU 0     1410         1512         0                           69                64           248.843           35660828129             0            N/A          100               0                 0                 0                 0.000             99.000            0                 0                 0                 0                           0                           0                           170522472081152             166919250028288             444               0.998        0.791        0.186        0.000        0.000        0.000        0.000        0.000        5672812                     4191213                     0                           0                           
GPU 0     1410         1512         0                           69                64           247.457           35660853295             0            N/A          100               0                 0                 0                 0.000             99.000            0                 0                 0                 0                           0                           0                           170522472081152             166919250028288             444               0.998        0.790        0.186        0.000        0.000        0.000        0.000        0.000        4914649                     3556994                     0                           0                           
GPU 0     1410         1512         0                           69                64           251.666           35660878344             0            N/A          100               0                 0                 0                 0.000             99.000            0                 0                 0                 0                           0                           0                           170522472081152             166919250028288             444               0.997        0.000        0.000        0.000        0.000        0.000        0.000        0.000        5744245                     4238548                     0                           0                           
GPU 0     1410         1512         0                           69                64           249.035           35660903270             0            N/A          100               0                 0                 0                 0.000             99.000            0                 0                 0                 0                           0                           0                           170522472081152             166919250028288             444               0.998        0.779        0.183        0.000        0.000        0.000        0.000        0.000        2632197                     2062559                     0                           0                           
GPU 0     1410         1512         0                           69                64           251.650           35660928421             0            N/A          100               0                 0                 0                 0.000             99.000            0                 0                 0                 0                           0                           0                           170522472081152             166919250028288             444               0.998        0.795        0.187        0.000        0.000        0.000        0.000        0.000        5196901                     3911996                     0                           0                           
GPU 0     1410         1512         0                           69                64           249.353           35660953539             0            N/A          100               0                 0                 0                 0.000             99.000            0                 0                 0                 0                           0                           0                           170522472081152             166919250028288             444               0.998        0.795        0.187        0.000        0.000        0.000        0.000        0.000        5196901                     3911996                     0                           0                           
GPU 0     1410         1512         0                           69                64           247.185           35660978427             0            N/A          100               0                 0                 0                 0.000             99.000            0                 0                 0                 0                           0                           0                           170522472081152             166919250028288             444               0.998        0.795        0.188        0.000        0.000        0.000        0.000        0.000        2866401                     2153658                     0                           0                           
GPU 0     1410         1512         0                           69                64           250.901           35661003581             0            N/A          100               0                 0                 0                 0.000             99.000            0                 0                 0                 0                           0                           0                           170522472081152             166919250028288             444               0.997        0.790        0.187        0.000        0.000        0.000        0.000        0.000        3462818                     2529516                     0                           0                           
GPU 0     1410         1512         0                           69                64           249.748           35661028798             0            N/A          100               0                 0                 0                 0.000             99.000            0                 0                 0                 0                           0                           0                           170522472081152             166919250028288             444               0.998        0.792        0.186        0.000        0.000        0.000        0.000        0.000        11501412                    7654493                     0                           0                           
GPU 0     1410         1512         0                           69                64           249.738           35661053801             0            N/A          100               0                 0                 0                 0.000             99.000            0                 0                 0                 0                           0                           0                           170522472081152             166919250028288             444               0.998        0.000        0.000        0.000        0.000        0.000        0.000        0.000        3135394                     2333066                     0                           0                           
GPU 0     1410         1512         0                           69                64           249.128           35661078829             0            N/A          100               0                 0                 0                 0.000             99.000            0                 0                 0                 0                           0                           0                           170522472081152             166919250028288             444               0.998        0.793        0.187        0.000        0.000        0.000        0.000        0.000        7177934                     5010341                     0                           0                           
#Entity   SMCLK        MMCLK        DVCCTR                      MMTMP             TMPTR        POWER             TOTEC                   PSTAT        FANSP        GPUTL             MCUTL             ECUTL             DCUTL             MUSAM             GUSAM             PVIOL             TVIOL             SBVIO             BLVIO                       LUVIO                       RVIOL                       TAPCV                       TAPBC                       FBUSD             GRACT        SMACT        SMOCC        TENSO        DRAMA        FP64A        FP32A        FP16A        PCITX                       PCIRX                       NVLTX                       NVLRX                       
ID                                                              C                  C            W                 mJ                                                                                                                                                                                                                                                                                                                                                                                                                                                                                                                                                                                                       
GPU 0     1410         1512         0                           69                64           249.029           35661104049             0            N/A          100               0                 0                 0                 0.000             99.000            0                 0                 0                 0                           0                           0                           170522472081152             166919250028288             444               0.998        0.790        0.185        0.000        0.000        0.000        0.000        0.000        3110873                     2283969                     0                           0                           
GPU 0     1410         1512         0                           69                64           250.121           35661129089             0            N/A          100               0                 0                 0                 0.000             99.000            0                 0                 0                 0                           0                           0                           170522472081152             166919250028288             444               0.998        0.790        0.186        0.000        0.000        0.000        0.000        0.000        7474937                     5197229                     0                           0                           
GPU 0     1410         1512         0                           69                64           248.569           35661154096             0            N/A          100               0                 0                 0                 0.000             99.000            0                 0                 0                 0                           0                           0                           170522472081152             166919250028288             444               0.998        0.791        0.186        0.000        0.000        0.000        0.000        0.000        4261072                     3159634                     0                           0                           
GPU 0     1410         1512         0                           69                64           249.413           35661179323             0            N/A          100               0                 0                 0                 0.000             99.000            0                 0                 0                 0                           0                           0                           170522472081152             166919250028288             444               0.997        0.790        0.185        0.000        0.000        0.000        0.000        0.000        7573466                     5278179                     0                           0                           
GPU 0     1410         1512         0                           69                64           248.746           35661204450             0            N/A          100               0                 0                 0                 0.000             99.000            0                 0                 0                 0                           0                           0                           170522472081152             166919250028288             444               0.998        0.000        0.000        0.000        0.000        0.000        0.000        0.000        5385641                     3951074                     0                           0                           
GPU 0     1410         1512         0                           69                64           249.054           35661229382             0            N/A          100               0                 0                 0                 0.000             99.000            0                 0                 0                 0                           0                           0                           170522472081152             166919250028288             444               0.998        0.773        0.181        0.000        0.000        0.000        0.000        0.000        8182912                     5639252                     0                           0                           
GPU 0     1410         1512         0                           69                64           249.054           35661254527             0            N/A          100               0                 0                 0                 0.000             99.000            0                 0                 0                 0                           0                           0                           170522472081152             166919250028288             444               0.998        0.790        0.185        0.000        0.000        0.000        0.000        0.000        6123706                     4348785                     0                           0                           
GPU 0     1410         1512         0                           69                64           249.034           35661254527             0            N/A          100               0                 0                 0                 0.000             99.000            0                 0                 0                 0                           0                           0                           170522472081152             166919250028288             444               0.998        0.795        0.187        0.000        0.000        0.000        0.000        0.000        9130521                     6123569                     0                           0                           
GPU 0     1410         1512         0                           69                64           247.873           35661279580             0            N/A          100               0                 0                 0                 0.000             99.000            0                 0                 0                 0                           0                           0                           170522472081152             166919250028288             444               0.998        0.793        0.187        0.000        0.000        0.000        0.000        0.000        6307277                     4407447                     0                           0                           
GPU 0     1410         1512         0                           69                64           251.762           35661304607             0            N/A          100               0                 0                 0                 0.000             99.000            0                 0                 0                 0                           0                           0                           170522472081152             166919250028288             444               0.998        0.794        0.187        0.000        0.000        0.000        0.000        0.000        8299434                     5649912                     0                           0                           
GPU 0     1410         1512         0                           69                64           249.227           35661329765             0            N/A          100               0                 0                 0                 0.000             99.000            0                 0                 0                 0                           0                           0                           170522472081152             166919250028288             444               0.998        0.000        0.000        0.000        0.000        0.000        0.000        0.000        5420357                     3918495                     0                           0                           
GPU 0     1410         1512         0                           69                64           247.470           35661354817             0            N/A          100               0                 0                 0                 0.000             99.000            0                 0                 0                 0                           0                           0                           170522472081152             166919250028288             444               0.998        0.790        0.185        0.000        0.000        0.000        0.000        0.000        7595202                     5296783                     0                           0                           
GPU 0     1410         1512         0                           69                64           250.593           35661379943             0            N/A          100               0                 0                 0                 0.000             99.000            0                 0                 0                 0                           0                           0                           170522472081152             166919250028288             444               0.998        0.790        0.186        0.000        0.000        0.000        0.000        0.000        3485473                     2647788                     0                           0                           
GPU 0     1410         1512         0                           69                64           248.460           35661405050             0            N/A          100               0                 0                 0                 0.000             99.000            0                 0                 0                 0                           0                           0                           170522472081152             166919250028288             444               0.997        0.790        0.186        0.000        0.000        0.000        0.000        0.000        7918064                     5483604                     0                           0                           
#Entity   SMCLK        MMCLK        DVCCTR                      MMTMP             TMPTR        POWER             TOTEC                   PSTAT        FANSP        GPUTL             MCUTL             ECUTL             DCUTL             MUSAM             GUSAM             PVIOL             TVIOL             SBVIO             BLVIO                       LUVIO                       RVIOL                       TAPCV                       TAPBC                       FBUSD             GRACT        SMACT        SMOCC        TENSO        DRAMA        FP64A        FP32A        FP16A        PCITX                       PCIRX                       NVLTX                       NVLRX                       
ID                                                              C                  C            W                 mJ                                                                                                                                                                                                                                                                                                                                                                                                                                                                                                                                                                                                       
GPU 0     1410         1512         0                           69                64           251.776           35661430097             0            N/A          100               0                 0                 0                 0.000             99.000            0                 0                 0                 0                           0                           0                           170522472081152             166919250028288             444               0.998        0.795        0.187        0.000        0.000        0.000        0.000        0.000        1744433                     1484198                     0                           0                           
GPU 0     1410         1512         0                           69                64           249.623           35661455174             0            N/A          100               0                 0                 0                 0.000             99.000            0                 0                 0                 0                           0                           0                           170522472081152             166919250028288             444               0.997        0.791        0.187        0.000        0.000        0.000        0.000        0.000        7883287                     5434664                     0                           0                           
GPU 0     1410         1512         0                           69                64           247.501           35661480364             0            N/A          100               0                 0                 0                 0.000             99.000            0                 0                 0                 0                           0                           0                           170522472081152             166919250028288             444               0.998        0.000        0.000        0.000        0.000        0.000        0.000        0.000        695564                      949241                      0                           0                           
GPU 0     1410         1512         0                           69                64           250.807           35661505425             0            N/A          100               0                 0                 0                 0.000             99.000            0                 0                 0                 0                           0                           0                           170522472081152             166919250028288             444               0.998        0.816        0.194        0.000        0.000        0.000        0.000        0.000        7185612                     4965290                     0                           0                           
GPU 0     1410         1512         0                           69                64           250.419           35661530402             0            N/A          100               0                 0                 0                 0.000             99.000            0                 0                 0                 0                           0                           0                           170522472081152             166919250028288             444               0.998        0.790        0.186        0.000        0.000        0.000        0.000        0.000        695527                      957374                      0                           0                           
GPU 0     1410         1512         0                           69                64           247.867           35661555645             0            N/A          100               0                 0                 0                 0.000             99.000            0                 0                 0                 0                           0                           0                           170522472081152             166919250028288             444               0.998        0.792        0.187        0.000        0.000        0.000        0.000        0.000        7149437                     4946346                     0                           0                           
GPU 0     1410         1512         0                           69                64           249.930           35661580789             0            N/A          100               0                 0                 0                 0.000             99.000            0                 0                 0                 0                           0                           0                           170522472081152             166919250028288             444               0.998        0.790        0.187        0.000        0.000        0.000        0.000        0.000        695595                      932920                      0                           0                           
GPU 0     1410         1512         0                           69                64           250.883           35661605760             0            N/A          100               0                 0                 0                 0.000             99.000            0                 0                 0                 0                           0                           0                           170522472081152             166919250028288             444               0.998        0.793        0.186        0.000        0.000        0.000        0.000        0.000        6944208                     4795661                     0                           0                           
GPU 0     1410         1512         0                           69                64           250.120           35661630931             0            N/A          100               0                 0                 0                 0.000             99.000            0                 0                 0                 0                           0                           0                           170522472081152             166919250028288             444               0.998        0.000        0.000        0.000        0.000        0.000        0.000        0.000        695610                      941124                      0                           0                           
GPU 0     1410         1512         0                           69                64           248.666           35661656113             0            N/A          100               0                 0                 0                 0.000             99.000            0                 0                 0                 0                           0                           0                           170522472081152             166919250028288             444               0.998        0.782        0.185        0.000        0.000        0.000        0.000        0.000        7684726                     5353799                     0                           0                           
GPU 0     1410         1512         0                           69                64           250.195           35661681093             0            N/A          100               0                 0                 0                 0.000             99.000            0                 0                 0                 0                           0                           0                           170522472081152             166919250028288             444               0.998        0.793        0.186        0.000        0.000        0.000        0.000        0.000        868724                      1023825                     0                           0                           
GPU 0     1410         1512         0                           69                64           249.432           35661706291             0            N/A          100               0                 0                 0                 0.000             99.000            0                 0                 0                 0                           0                           0                           170522472081152             166919250028288             444               0.998        0.790        0.185        0.000        0.000        0.000        0.000        0.000        7768922                     5385289                     0                           0                           
GPU 0     1410         1512         0                           69                64           247.776           35661731408             0            N/A          100               0                 0                 0                 0.000             99.000            0                 0                 0                 0                           0                           0                           170522472081152             166919250028288             444               0.997        0.790        0.185        0.000        0.000        0.000        0.000        0.000        703901                      949457                      0                           0                           
GPU 0     1410         1512         0                           69                64           252.063           35661756519             0            N/A          100               0                 0                 0                 0.000             99.000            0                 0                 0                 0                           0                           0                           170522472081152             166919250028288             444               0.998        0.791        0.186        0.000        0.000        0.000        0.000        0.000        7979345                     5397410                     0                           0                           
#Entity   SMCLK        MMCLK        DVCCTR                      MMTMP             TMPTR        POWER             TOTEC                   PSTAT        FANSP        GPUTL             MCUTL             ECUTL             DCUTL             MUSAM             GUSAM             PVIOL             TVIOL             SBVIO             BLVIO                       LUVIO                       RVIOL                       TAPCV                       TAPBC                       FBUSD             GRACT        SMACT        SMOCC        TENSO        DRAMA        FP64A        FP32A        FP16A        PCITX                       PCIRX                       NVLTX                       NVLRX                       
ID                                                              C                  C            W                 mJ                                                                                                                                                                                                                                                                                                                                                                                                                                                                                                                                                                                                       
GPU 0     1410         1512         0                           69                64           249.113           35661781548             0            N/A          100               0                 0                 0                 0.000             99.000            0                 0                 0                 0                           0                           0                           170522472081152             166919250028288             444               0.998        0.000        0.000        0.000        0.000        0.000        0.000        0.000        2465532                     2137652                     0                           0                           
GPU 0     1410         1512         0                           69                64           249.440           35661831695             0            N/A          100               0                 0                 0                 0.000             99.000            0                 0                 0                 0                           0                           0                           170522472081152             166919250028288             444               0.998        0.796        0.188        0.000        0.000        0.000        0.000        0.000        7430134                     5032067                     0                           0                           
GPU 0     1410         1512         0                           69                64           249.415           35661856774             0            N/A          100               0                 0                 0                 0.000             99.000            0                 0                 0                 0                           0                           0                           170522472081152             166919250028288             444               0.998        0.790        0.186        0.000        0.000        0.000        0.000        0.000        2432668                     2113016                     0                           0                           
GPU 0     1410         1512         0                           69                64           247.186           35661881955             0            N/A          100               0                 0                 0                 0.000             99.000            0                 0                 0                 0                           0                           0                           170522472081152             166919250028288             444               0.998        0.795        0.188        0.000        0.000        0.000        0.000        0.000        8097749                     5541961                     0                           0                           
GPU 0     1410         1512         0                           69                64           251.873           35661907042             0            N/A          100               0                 0                 0                 0.000             99.000            0                 0                 0                 0                           0                           0                           170522472081152             166919250028288             444               0.998        0.795        0.188        0.000        0.000        0.000        0.000        0.000        2496794                     2136525                     0                           0                           
GPU 0     1410         1512         0                           69                64           249.828           35661932150             0            N/A          100               0                 0                 0                 0.000             99.000            0                 0                 0                 0                           0                           0                           170522472081152             166919250028288             444               0.998        0.793        0.187        0.000        0.000        0.000        0.000        0.000        7492290                     4819640                     0                           0                           
GPU 0     1410         1512         0                           69                64           251.489           35661957183             0            N/A          100               0                 0                 0                 0.000             99.000            0                 0                 0                 0                           0                           0                           170522472081152             166919250028288             444               0.998        0.000        0.000        0.000        0.000        0.000        0.000        0.000        2505391                     2161380                     0                           0                           
GPU 0     1410         1512         0                           69                64           249.923           35661982185             0            N/A          100               0                 0                 0                 0.000             99.000            0                 0                 0                 0                           0                           0                           170522472081152             166919250028288             444               0.998        0.801        0.186        0.000        0.000        0.000        0.000        0.000        6642152                     4460780                     0                           0                           
GPU 0     1410         1512         0                           69                64           247.772           35662007398             0            N/A          100               0                 0                 0                 0.000             99.000            0                 0                 0                 0                           0                           0                           170522472081152             166919250028288             444               0.997        0.795        0.187        0.000        0.000        0.000        0.000        0.000        2488543                     2152832                     0                           0                           
GPU 0     1410         1512         0                           69                64           250.615           35662032465             0            N/A          100               0                 0                 0                 0.000             99.000            0                 0                 0                 0                           0                           0                           170522472081152             166919250028288             444               0.998        0.791        0.186        0.000        0.000        0.000        0.000        0.000        6863992                     4615339                     0                           0                           
GPU 0     1410         1512         0                           69                64           250.806           35662057635             0            N/A          100               0                 0                 0                 0.000             99.000            0                 0                 0                 0                           0                           0                           170522472081152             166919250028288             444               0.998        0.790        0.187        0.000        0.000        0.000        0.000        0.000        671138                      933046                      0                           0                           
GPU 0     1410         1512         0                           69                64           249.050           35662082749             0            N/A          100               0                 0                 0                 0.000             99.000            0                 0                 0                 0                           0                           0                           170522472081152             166919250028288             444               0.998        0.790        0.185        0.000        0.000        0.000        0.000        0.000        6926292                     4780972                     0                           0                           
GPU 0     1410         1512         0                           69                64           251.268           35662107805             0            N/A          100               0                 0                 0                 0.000             99.000            0                 0                 0                 0                           0                           0                           170522472081152             166919250028288             444               0.998        0.000        0.000        0.000        0.000        0.000        0.000        0.000        931692                      1054459                     0                           0                           
GPU 0     1410         1512         0                           69                64           249.051           35662132993             0            N/A          100               0                 0                 0                 0.000             99.000            0                 0                 0                 0                           0                           0                           170522472081152             166919250028288             444               0.998        0.795        0.186        0.000        0.000        0.000        0.000        0.000        6815760                     4738868                     0                           0                           
#Entity   SMCLK        MMCLK        DVCCTR                      MMTMP             TMPTR        POWER             TOTEC                   PSTAT        FANSP        GPUTL             MCUTL             ECUTL             DCUTL             MUSAM             GUSAM             PVIOL             TVIOL             SBVIO             BLVIO                       LUVIO                       RVIOL                       TAPCV                       TAPBC                       FBUSD             GRACT        SMACT        SMOCC        TENSO        DRAMA        FP64A        FP32A        FP16A        PCITX                       PCIRX                       NVLTX                       NVLRX                       
ID                                                              C                  C            W                 mJ                                                                                                                                                                                                                                                                                                                                                                                                                                                                                                                                                                                                       
GPU 0     1410         1512         0                           69                64           251.586           35662158123             0            N/A          100               0                 0                 0                 0.000             99.000            0                 0                 0                 0                           0                           0                           170522472081152             166919250028288             444               0.998        0.796        0.187        0.000        0.000        0.000        0.000        0.000        2456473                     2128868                     0                           0                           
GPU 0     1410         1512         0                           69                64           249.051           35662183038             0            N/A          100               0                 0                 0                 0.000             99.000            0                 0                 0                 0                           0                           0                           170522472081152             166919250028288             444               0.998        0.795        0.188        0.000        0.000        0.000        0.000        0.000        7289939                     4950442                     0                           0                           
GPU 0     1410         1512         0                           69                64           248.473           35662208247             0            N/A          100               0                 0                 0                 0.000             99.000            0                 0                 0                 0                           0                           0                           170522472081152             166919250028288             444               0.998        0.790        0.186        0.000        0.000        0.000        0.000        0.000        2481305                     2145455                     0                           0                           
GPU 0     1410         1512         0                           69                64           250.388           35662233349             0            N/A          100               0                 0                 0                 0.000             99.000            0                 0                 0                 0                           0                           0                           170522472081152             166919250028288             444               0.997        0.792        0.187        0.000        0.000        0.000        0.000        0.000        6007448                     4207508                     0                           0                           
GPU 0     1410         1512         0                           69                64           249.497           35662258451             0            N/A          100               0                 0                 0                 0.000             99.000            0                 0                 0                 0                           0                           0                           170522472081152             166919250028288             444               0.998        0.000        0.000        0.000        0.000        0.000        0.000        0.000        2471715                     2111579                     0                           0                           
GPU 0     1410         1512         0                           69                64           251.859           35662283509             0            N/A          100               0                 0                 0                 0.000             99.000            0                 0                 0                 0                           0                           0                           170522472081152             166919250028288             444               0.997        0.785        0.185        0.000        0.000        0.000        0.000        0.000        5911791                     4166596                     0                           0                           
GPU 0     1410         1512         0                           69                64           249.623           35662308552             0            N/A          100               0                 0                 0                 0.000             99.000            0                 0                 0                 0                           0                           0                           170522472081152             166919250028288             444               0.998        0.790        0.186        0.000        0.000        0.000        0.000        0.000        2487226                     2151858                     0                           0                           
GPU 0     1410         1512         0                           69                64           247.680           35662333694             0            N/A          100               0                 0                 0                 0.000             99.000            0                 0                 0                 0                           0                           0                           170522472081152             166919250028288             444               0.998        0.790        0.186        0.000        0.000        0.000        0.000        0.000        2487226                     2151858                     0                           0                           
GPU 0     1410         1512         0                           69                64           252.047           35662358841             0            N/A          100               0                 0                 0                 0.000             99.000            0                 0                 0                 0                           0                           0                           170522472081152             166919250028288             444               0.998        0.790        0.185        0.000        0.000        0.000        0.000        0.000        6067973                     4194449                     0                           0                           
GPU 0     1410         1512         0                           69                64           249.545           35662383846             0            N/A          100               0                 0                 0                 0.000             99.000            0                 0                 0                 0                           0                           0                           170522472081152             166919250028288             444               0.998        0.790        0.185        0.000        0.000        0.000        0.000        0.000        4280850                     3347738                     0                           0                           
GPU 0     1410         1512         0                           69                64           247.378           35662408888             0            N/A          100               0                 0                 0                 0.000             99.000            0                 0                 0                 0                           0                           0                           170522472081152             166919250028288             444               0.998        0.790        0.186        0.000        0.000        0.000        0.000        0.000        7507452                     5263763                     0                           0                           
GPU 0     1410         1512         0                           69                64           249.816           35662434106             0            N/A          100               0                 0                 0                 0.000             99.000            0                 0                 0                 0                           0                           0                           170522472081152             166919250028288             444               0.998        0.000        0.000        0.000        0.000        0.000        0.000        0.000        2512699                     2160757                     0                           0                           
GPU 0     1410         1512         0                           69                64           247.677           35662459175             0            N/A          100               0                 0                 0                 0.000             99.000            0                 0                 0                 0                           0                           0                           170522472081152             166919250028288             444               0.998        0.795        0.187        0.000        0.000        0.000        0.000        0.000        8140949                     5603219                     0                           0                           
GPU 0     1410         1512         0                           69                64           251.490           35662484316             0            N/A          100               0                 0                 0                 0.000             99.000            0                 0                 0                 0                           0                           0                           170522472081152             166919250028288             444               0.997        0.795        0.188        0.000        0.000        0.000        0.000        0.000        2414219                     2111451                     0                           0                           
#Entity   SMCLK        MMCLK        DVCCTR                      MMTMP             TMPTR        POWER             TOTEC                   PSTAT        FANSP        GPUTL             MCUTL             ECUTL             DCUTL             MUSAM             GUSAM             PVIOL             TVIOL             SBVIO             BLVIO                       LUVIO                       RVIOL                       TAPCV                       TAPBC                       FBUSD             GRACT        SMACT        SMOCC        TENSO        DRAMA        FP64A        FP32A        FP16A        PCITX                       PCIRX                       NVLTX                       NVLRX                       
ID                                                              C                  C            W                 mJ                                                                                                                                                                                                                                                                                                                                                                                                                                                                                                                                                                                                       
GPU 0     1410         1512         0                           69                64           250.043           35662509367             0            N/A          100               0                 0                 0                 0.000             99.000            0                 0                 0                 0                           0                           0                           170522472081152             166919250028288             444               0.998        0.790        0.187        0.000        0.000        0.000        0.000        0.000        6074308                     4223626                     0                           0                           
GPU 0     1410         1512         0                           69                64           251.202           35662509367             0            N/A          100               0                 0                 0                 0.000             99.000            0                 0                 0                 0                           0                           0                           170522472081152             166919250028288             444               0.998        0.795        0.187        0.000        0.000        0.000        0.000        0.000        2480209                     2144574                     0                           0                           
GPU 0     1410         1512         0                           69                64           250.403           35662534442             0            N/A          100               0                 0                 0                 0.000             99.000            0                 0                 0                 0                           0                           0                           170522472081152             166919250028288             444               0.998        0.793        0.187        0.000        0.000        0.000        0.000        0.000        6995673                     4823504                     0                           0                           
GPU 0     1410         1512         0                           69                64           249.517           35662559640             0            N/A          100               0                 0                 0                 0.000             99.000            0                 0                 0                 0                           0                           0                           170522472081152             166919250028288             444               0.998        0.000        0.000        0.000        0.000        0.000        0.000        0.000        2488342                     2144501                     0                           0                           
GPU 0     1410         1512         0                           69                64           250.903           35662584761             0            N/A          100               0                 0                 0                 0.000             99.000            0                 0                 0                 0                           0                           0                           170522472081152             166919250028288             444               0.998        0.808        0.193        0.000        0.000        0.000        0.000        0.000        8030620                     5386458                     0                           0                           
GPU 0     1410         1512         0                           69                64           250.786           35662609725             0            N/A          100               0                 0                 0                 0.000             99.000            0                 0                 0                 0                           0                           0                           170522472081152             166919250028288             444               0.998        0.795        0.188        0.000        0.000        0.000        0.000        0.000        703937                      949500                      0                           0                           
GPU 0     1410         1512         0                           69                64           248.733           35662634993             0            N/A          100               0                 0                 0                 0.000             99.000            0                 0                 0                 0                           0                           0                           170522472081152             166919250028288             444               0.998        0.791        0.187        0.000        0.000        0.000        0.000        0.000        7064549                     4878482                     0                           0                           
GPU 0     1410         1512         0                           69                64           249.544           35662660126             0            N/A          100               0                 0                 0                 0.000             99.000            0                 0                 0                 0                           0                           0                           170522472081152             166919250028288             444               0.998        0.793        0.187        0.000        0.000        0.000        0.000        0.000        695715                      941264                      0                           0                           
GPU 0     1410         1512         0                           69                64           251.677           35662685138             0            N/A          100               0                 0                 0                 0.000             99.000            0                 0                 0                 0                           0                           0                           170522472081152             166919250028288             444               0.998        0.790        0.187        0.000        0.000        0.000        0.000        0.000        6990600                     4837440                     0                           0                           
GPU 0     1410         1512         0                           69                64           249.430           35662710426             0            N/A          100               0                 0                 0                 0.000             99.000            0                 0                 0                 0                           0                           0                           170522472081152             166919250028288             444               0.997        0.000        0.000        0.000        0.000        0.000        0.000        0.000        2392922                     2090344                     0                           0                           
GPU 0     1410         1512         0                           69                64           248.762           35662735576             0            N/A          100               0                 0                 0                 0.000             99.000            0                 0                 0                 0                           0                           0                           170522472081152             166919250028288             444               0.998        0.795        0.186        0.000        0.000        0.000        0.000        0.000        6772504                     4734278                     0                           0                           
GPU 0     1410         1512         0                           69                64           251.966           35662760672             0            N/A          100               0                 0                 0                 0.000             99.000            0                 0                 0                 0                           0                           0                           170522472081152             166919250028288             444               0.998        0.796        0.188        0.000        0.000        0.000        0.000        0.000        4255575                     3327997                     0                           0                           
GPU 0     1410         1512         0                           69                64           249.623           35662785819             0            N/A          100               0                 0                 0                 0.000             99.000            0                 0                 0                 0                           0                           0                           170522472081152             166919250028288             444               0.998        0.791        0.187        0.000        0.000        0.000        0.000        0.000        7641897                     5142496                     0                           0                           
GPU 0     1410         1512         0                           69                64           248.268           35662811030             0            N/A          100               0                 0                 0                 0.000             99.000            0                 0                 0                 0                           0                           0                           170522472081152             166919250028288             444               0.998        0.795        0.187        0.000        0.000        0.000        0.000        0.000        4230446                     3289440                     0                           0                           
#Entity   SMCLK        MMCLK        DVCCTR                      MMTMP             TMPTR        POWER             TOTEC                   PSTAT        FANSP        GPUTL             MCUTL             ECUTL             DCUTL             MUSAM             GUSAM             PVIOL             TVIOL             SBVIO             BLVIO                       LUVIO                       RVIOL                       TAPCV                       TAPBC                       FBUSD             GRACT        SMACT        SMOCC        TENSO        DRAMA        FP64A        FP32A        FP16A        PCITX                       PCIRX                       NVLTX                       NVLRX                       
ID                                                              C                  C            W                 mJ                                                                                                                                                                                                                                                                                                                                                                                                                                                                                                                                                                                                       
GPU 0     1410         1512         0                           69                64           252.364           35662861209             0            N/A          100               0                 0                 0                 0.000             99.000            0                 0                 0                 0                           0                           0                           170522472081152             166919250028288             444               0.998        0.789        0.185        0.000        0.000        0.000        0.000        0.000        6883344                     4672588                     0                           0                           
GPU 0     1410         1512         0                           69                64           249.430           35662886328             0            N/A          100               0                 0                 0                 0.000             99.000            0                 0                 0                 0                           0                           0                           170522472081152             166919250028288             444               0.998        0.000        0.000        0.000        0.000        0.000        0.000        0.000        4272282                     3339258                     0                           0                           
GPU 0     1410         1512         0                           69                64           252.186           35662911449             0            N/A          100               0                 0                 0                 0.000             99.000            0                 0                 0                 0                           0                           0                           170522472081152             166919250028288             444               0.998        0.798        0.186        0.000        0.000        0.000        0.000        0.000        3605471                     2629743                     0                           0                           
GPU 0     1410         1512         0                           69                64           249.641           35662936560             0            N/A          100               0                 0                 0                 0.000             99.000            0                 0                 0                 0                           0                           0                           170522472081152             166919250028288             444               0.997        0.790        0.186        0.000        0.000        0.000        0.000        0.000        5249760                     3963839                     0                           0                           
GPU 0     1410         1512         0                           69                64           247.679           35662961618             0            N/A          100               0                 0                 0                 0.000             99.000            0                 0                 0                 0                           0                           0                           170522472081152             166919250028288             444               0.998        0.790        0.185        0.000        0.000        0.000        0.000        0.000        5418234                     3863082                     0                           0                           
GPU 0     1410         1512         0                           69                64           252.284           35662986757             0            N/A          100               0                 0                 0                 0.000             99.000            0                 0                 0                 0                           0                           0                           170522472081152             166919250028288             444               0.997        0.790        0.185        0.000        0.000        0.000        0.000        0.000        1678017                     1571533                     0                           0                           
GPU 0     1410         1512         0                           69                64           250.213           35663011955             0            N/A          100               0                 0                 0                 0.000             99.000            0                 0                 0                 0                           0                           0                           170522472081152             166919250028288             444               0.998        0.790        0.185        0.000        0.000        0.000        0.000        0.000        6226535                     4294550                     0                           0                           
GPU 0     1410         1512         0                           69                64           247.965           35663036998             0            N/A          100               0                 0                 0                 0.000             99.000            0                 0                 0                 0                           0                           0                           170522472081152             166919250028288             444               0.998        0.000        0.000        0.000        0.000        0.000        0.000        0.000        3344607                     2522778                     0                           0                           
GPU 0     1410         1512         0                           69                64           251.094           35663062078             0            N/A          100               0                 0                 0                 0.000             99.000            0                 0                 0                 0                           0                           0                           170522472081152             166919250028288             444               0.998        0.797        0.186        0.000        0.000        0.000        0.000        0.000        5335658                     3822905                     0                           0                           
GPU 0     1410         1512         0                           69                64           250.786           35663087455             0            N/A          100               0                 0                 0                 0.000             99.000            0                 0                 0                 0                           0                           0                           170522472081152             166919250028288             444               0.998        0.790        0.185        0.000        0.000        0.000        0.000        0.000        6350998                     4295093                     0                           0                           
GPU 0     1410         1512         0                           69                64           248.444           35663112682             0            N/A          100               0                 0                 0                 0.000             99.000            0                 0                 0                 0                           0                           0                           170522472081152             166919250028288             444               0.997        0.790        0.185        0.000        0.000        0.000        0.000        0.000        6695068                     4581853                     0                           0                           
GPU 0     1410         1512         0                           69                65           250.218           35663137776             0            N/A          100               0                 0                 0                 0.000             99.000            0                 0                 0                 0                           0                           0                           170522472081152             166919250028288             444               0.998        0.791        0.186        0.000        0.000        0.000        0.000        0.000        4654944                     3319700                     0                           0                           
GPU 0     1410         1512         0                           69                65           251.296           35663162877             0            N/A          100               0                 0                 0                 0.000             99.000            0                 0                 0                 0                           0                           0                           170522472081152             166919250028288             444               0.998        0.793        0.187        0.000        0.000        0.000        0.000        0.000        7002855                     4751815                     0                           0                           
GPU 0     1410         1512         0                           69                65           249.430           35663188198             0            N/A          100               0                 0                 0                 0.000             99.000            0                 0                 0                 0                           0                           0                           170522472081152             166919250028288             444               0.998        0.000        0.000        0.000        0.000        0.000        0.000        0.000        6382152                     4440159                     0                           0                           
#Entity   SMCLK        MMCLK        DVCCTR                      MMTMP             TMPTR        POWER             TOTEC                   PSTAT        FANSP        GPUTL             MCUTL             ECUTL             DCUTL             MUSAM             GUSAM             PVIOL             TVIOL             SBVIO             BLVIO                       LUVIO                       RVIOL                       TAPCV                       TAPBC                       FBUSD             GRACT        SMACT        SMOCC        TENSO        DRAMA        FP64A        FP32A        FP16A        PCITX                       PCIRX                       NVLTX                       NVLRX                       
ID                                                              C                  C            W                 mJ                                                                                                                                                                                                                                                                                                                                                                                                                                                                                                                                                                                                       
GPU 0     1410         1512         0                           69                65           248.762           35663213354             0            N/A          100               0                 0                 0                 0.000             99.000            0                 0                 0                 0                           0                           0                           170522472081152             166919250028288             444               0.997        0.785        0.185        0.000        0.000        0.000        0.000        0.000        6052643                     4144444                     0                           0                           
GPU 0     1410         1512         0                           69                65           252.174           35663238375             0            N/A          100               0                 0                 0                 0.000             99.000            0                 0                 0                 0                           0                           0                           170522472081152             166919250028288             444               0.998        0.790        0.186        0.000        0.000        0.000        0.000        0.000        6588931                     4396110                     0                           0                           
GPU 0     1410         1512         0                           69                65           252.174           35663263594             0            N/A          100               0                 0                 0                 0.000             99.000            0                 0                 0                 0                           0                           0                           170522472081152             166919250028288             444               0.998        0.790        0.186        0.000        0.000        0.000        0.000        0.000        7289468                     4749652                     0                           0                           
GPU 0     1410         1512         0                           69                65           249.924           35663288803             0            N/A          100               0                 0                 0                 0.000             99.000            0                 0                 0                 0                           0                           0                           170522472081152             166919250028288             444               0.998        0.797        0.187        0.000        0.000        0.000        0.000        0.000        7118565                     4904171                     0                           0                           
GPU 0     1410         1512         0                           69                65           248.172           35663313871             0            N/A          100               0                 0                 0                 0.000             99.000            0                 0                 0                 0                           0                           0                           170522472081152             166919250028288             444               0.997        0.790        0.187        0.000        0.000        0.000        0.000        0.000        7708646                     5254004                     0                           0                           
GPU 0     1410         1512         0                           69                65           252.364           35663339048             0            N/A          100               0                 0                 0                 0.000             99.000            0                 0                 0                 0                           0                           0                           170522472081152             166919250028288             444               0.998        0.000        0.000        0.000        0.000        0.000        0.000        0.000        5463294                     3803764                     0                           0                           
GPU 0     1410         1512         0                           69                65           249.720           35663364166             0            N/A          100               0                 0                 0                 0.000             99.000            0                 0                 0                 0                           0                           0                           170522472081152             166919250028288             444               0.998        0.793        0.186        0.000        0.000        0.000        0.000        0.000        7171485                     4903733                     0                           0                           
GPU 0     1410         1512         0                           69                65           251.183           35663389290             0            N/A          100               0                 0                 0                 0.000             99.000            0                 0                 0                 0                           0                           0                           170522472081152             166919250028288             444               0.998        0.791        0.187        0.000        0.000        0.000        0.000        0.000        6541761                     4453872                     0                           0                           
GPU 0     1410         1512         0                           69                65           249.156           35663414448             0            N/A          100               0                 0                 0                 0.000             99.000            0                 0                 0                 0                           0                           0                           170522472081152             166919250028288             444               0.998        0.791        0.187        0.000        0.000        0.000        0.000        0.000        6541761                     4453872                     0                           0                           
GPU 0     1410         1512         0                           69                65           250.345           35663439623             0            N/A          100               0                 0                 0                 0.000             99.000            0                 0                 0                 0                           0                           0                           170522472081152             166919250028288             444               0.998        0.790        0.186        0.000        0.000        0.000        0.000        0.000        7942039                     5577942                     0                           0                           
GPU 0     1410         1512         0                           69                65           250.229           35663464712             0            N/A          100               0                 0                 0                 0.000             99.000            0                 0                 0                 0                           0                           0                           170522472081152             166919250028288             444               0.997        0.790        0.186        0.000        0.000        0.000        0.000        0.000        5502086                     3946318                     0                           0                           
GPU 0     1410         1512         0                           69                65           248.156           35663489948             0            N/A          100               0                 0                 0                 0.000             99.000            0                 0                 0                 0                           0                           0                           170522472081152             166919250028288             444               0.997        0.790        0.185        0.000        0.000        0.000        0.000        0.000        7363337                     5132936                     0                           0                           
GPU 0     1410         1512         0                           69                65           251.395           35663515057             0            N/A          100               0                 0                 0                 0.000             99.000            0                 0                 0                 0                           0                           0                           170522472081152             166919250028288             444               0.998        0.000        0.000        0.000        0.000        0.000        0.000        0.000        4443344                     3270030                     0                           0                           
GPU 0     1410         1512         0                           69                65           248.348           35663540057             0            N/A          100               0                 0                 0                 0.000             99.000            0                 0                 0                 0                           0                           0                           170522472081152             166919250028288             444               0.997        0.786        0.186        0.000        0.000        0.000        0.000        0.000        7252550                     5104095                     0                           0                           
#Entity   SMCLK        MMCLK        DVCCTR                      MMTMP             TMPTR        POWER             TOTEC                   PSTAT        FANSP        GPUTL             MCUTL             ECUTL             DCUTL             MUSAM             GUSAM             PVIOL             TVIOL             SBVIO             BLVIO                       LUVIO                       RVIOL                       TAPCV                       TAPBC                       FBUSD             GRACT        SMACT        SMOCC        TENSO        DRAMA        FP64A        FP32A        FP16A        PCITX                       PCIRX                       NVLTX                       NVLRX                       
ID                                                              C                  C            W                 mJ                                                                                                                                                                                                                                                                                                                                                                                                                                                                                                                                                                                                       
GPU 0     1410         1512         0                           69                65           251.191           35663565158             0            N/A          100               0                 0                 0                 0.000             99.000            0                 0                 0                 0                           0                           0                           170522472081152             166919250028288             444               0.998        0.795        0.188        0.000        0.000        0.000        0.000        0.000        4384679                     3186872                     0                           0                           
GPU 0     1410         1512         0                           69                65           250.804           35663590175             0            N/A          100               0                 0                 0                 0.000             99.000            0                 0                 0                 0                           0                           0                           170522472081152             166919250028288             444               0.998        0.790        0.185        0.000        0.000        0.000        0.000        0.000        6949685                     4712012                     0                           0                           
GPU 0     1410         1512         0                           69                65           248.635           35663615439             0            N/A          100               0                 0                 0                 0.000             99.000            0                 0                 0                 0                           0                           0                           170522472081152             166919250028288             444               0.998        0.792        0.185        0.000        0.000        0.000        0.000        0.000        6133254                     4363409                     0                           0                           
GPU 0     1410         1512         0                           70                65           249.530           35663640571             0            N/A          100               0                 0                 0                 0.000             99.000            0                 0                 0                 0                           0                           0                           170522472081152             166919250028288             444               0.998        0.790        0.187        0.000        0.000        0.000        0.000        0.000        6222645                     4296977                     0                           0                           
GPU 0     1410         1512         0                           69                65           250.318           35663665662             0            N/A          100               0                 0                 0                 0.000             99.000            0                 0                 0                 0                           0                           0                           170522472081152             166919250028288             444               0.998        0.000        0.000        0.000        0.000        0.000        0.000        0.000        6443642                     4609559                     0                           0                           
GPU 0     1410         1512         0                           69                65           249.639           35663690753             0            N/A          100               0                 0                 0                 0.000             99.000            0                 0                 0                 0                           0                           0                           170522472081152             166919250028288             444               0.998        0.797        0.189        0.000        0.000        0.000        0.000        0.000        6529569                     4611723                     0                           0                           
GPU 0     1410         1512         0                           70                65           251.870           35663715912             0            N/A          100               0                 0                 0                 0.000             99.000            0                 0                 0                 0                           0                           0                           170522472081152             166919250028288             444               0.998        0.795        0.188        0.000        0.000        0.000        0.000        0.000        5959503                     4133969                     0                           0                           
GPU 0     1410         1512         0                           69                65           249.622           35663741119             0            N/A          100               0                 0                 0                 0.000             99.000            0                 0                 0                 0                           0                           0                           170522472081152             166919250028288             444               0.998        0.790        0.185        0.000        0.000        0.000        0.000        0.000        6895833                     4767218                     0                           0                           
GPU 0     1410         1512         0                           69                65           249.057           35663766317             0            N/A          100               0                 0                 0                 0.000             99.000            0                 0                 0                 0                           0                           0                           170522472081152             166919250028288             444               0.998        0.790        0.185        0.000        0.000        0.000        0.000        0.000        5869098                     4125417                     0                           0                           
GPU 0     1410         1512         0                           69                65           250.879           35663791347             0            N/A          100               0                 0                 0                 0.000             99.000            0                 0                 0                 0                           0                           0                           170522472081152             166919250028288             444               0.998        0.790        0.185        0.000        0.000        0.000        0.000        0.000        6796919                     4737431                     0                           0                           
GPU 0     1410         1512         0                           69                65           250.879           35663816463             0            N/A          100               0                 0                 0                 0.000             99.000            0                 0                 0                 0                           0                           0                           170522472081152             166919250028288             444               0.998        0.000        0.000        0.000        0.000        0.000        0.000        0.000        7615961                     5298426                     0                           0                           
GPU 0     1410         1512         0                           70                65           248.858           35663816463             0            N/A          100               0                 0                 0                 0.000             99.000            0                 0                 0                 0                           0                           0                           170522472081152             166919250028288             444               0.998        0.794        0.187        0.000        0.000        0.000        0.000        0.000        7287102                     4983500                     0                           0                           
GPU 0     1410         1512         0                           70                65           252.364           35663841617             0            N/A          100               0                 0                 0                 0.000             99.000            0                 0                 0                 0                           0                           0                           170522472081152             166919250028288             444               0.998        0.790        0.186        0.000        0.000        0.000        0.000        0.000        7347184                     5111522                     0                           0                           
GPU 0     1410         1512         0                           69                65           250.116           35663866728             0            N/A          100               0                 0                 0                 0.000             99.000            0                 0                 0                 0                           0                           0                           170522472081152             166919250028288             444               0.998        0.795        0.188        0.000        0.000        0.000        0.000        0.000        7134618                     4905563                     0                           0                           
#Entity   SMCLK        MMCLK        DVCCTR                      MMTMP             TMPTR        POWER             TOTEC                   PSTAT        FANSP        GPUTL             MCUTL             ECUTL             DCUTL             MUSAM             GUSAM             PVIOL             TVIOL             SBVIO             BLVIO                       LUVIO                       RVIOL                       TAPCV                       TAPBC                       FBUSD             GRACT        SMACT        SMOCC        TENSO        DRAMA        FP64A        FP32A        FP16A        PCITX                       PCIRX                       NVLTX                       NVLRX                       
ID                                                              C                  C            W                 mJ                                                                                                                                                                                                                                                                                                                                                                                                                                                                                                                                                                                                       
GPU 0     1410         1512         0                           69                65           250.137           35663891952             0            N/A          100               0                 0                 0                 0.000             99.000            0                 0                 0                 0                           0                           0                           170522472081152             166919250028288             444               0.998        0.791        0.185        0.000        0.000        0.000        0.000        0.000        6365455                     4497173                     0                           0                           
GPU 0     1410         1512         0                           70                65           250.309           35663917097             0            N/A          100               0                 0                 0                 0.000             99.000            0                 0                 0                 0                           0                           0                           170522472081152             166919250028288             444               0.997        0.790        0.187        0.000        0.000        0.000        0.000        0.000        7819871                     5253609                     0                           0                           
GPU 0     1410         1512         0                           69                65           250.326           35663942380             0            N/A          100               0                 0                 0                 0.000             99.000            0                 0                 0                 0                           0                           0                           170522472081152             166919250028288             444               0.998        0.000        0.000        0.000        0.000        0.000        0.000        0.000        3507973                     2687166                     0                           0                           
GPU 0     1410         1512         0                           70                65           252.461           35663967383             0            N/A          100               0                 0                 0                 0.000             99.000            0                 0                 0                 0                           0                           0                           170522472081152             166919250028288             444               0.998        0.786        0.184        0.000        0.000        0.000        0.000        0.000        6636039                     4651166                     0                           0                           
GPU 0     1410         1512         0                           70                65           250.404           35664017710             0            N/A          100               0                 0                 0                 0.000             99.000            0                 0                 0                 0                           0                           0                           170522472081152             166919250028288             444               0.998        0.790        0.186        0.000        0.000        0.000        0.000        0.000        2495872                     2152233                     0                           0                           
GPU 0     1410         1512         0                           70                65           250.633           35664042862             0            N/A          100               0                 0                 0                 0.000             99.000            0                 0                 0                 0                           0                           0                           170522472081152             166919250028288             444               0.998        0.795        0.188        0.000        0.000        0.000        0.000        0.000        5821783                     4069584                     0                           0                           
GPU 0     1410         1512         0                           70                65           250.614           35664067889             0            N/A          100               0                 0                 0                 0.000             99.000            0                 0                 0                 0                           0                           0                           170522472081152             166919250028288             444               0.998        0.795        0.187        0.000        0.000        0.000        0.000        0.000        4130414                     3254016                     0                           0                           
GPU 0     1410         1512         0                           70                65           248.444           35664093213             0            N/A          100               0                 0                 0                 0.000             99.000            0                 0                 0                 0                           0                           0                           170522472081152             166919250028288             444               0.998        0.796        0.188        0.000        0.000        0.000        0.000        0.000        5478309                     3893999                     0                           0                           
GPU 0     1410         1512         0                           70                65           251.367           35664118370             0            N/A          100               0                 0                 0                 0.000             99.000            0                 0                 0                 0                           0                           0                           170522472081152             166919250028288             444               0.997        0.000        0.000        0.000        0.000        0.000        0.000        0.000        5413473                     4012907                     0                           0                           
GPU 0     1410         1512         0                           70                65           249.621           35664143657             0            N/A          100               0                 0                 0                 0.000             99.000            0                 0                 0                 0                           0                           0                           170522472081152             166919250028288             444               0.998        0.788        0.184        0.000        0.000        0.000        0.000        0.000        5566287                     3928815                     0                           0                           
GPU 0     1410         1512         0                           70                65           251.112           35664169000             0            N/A          100               0                 0                 0                 0.000             99.000            0                 0                 0                 0                           0                           0                           170522472081152             166919250028288             444               0.998        0.790        0.187        0.000        0.000        0.000        0.000        0.000        5475348                     4075766                     0                           0                           
GPU 0     1410         1512         0                           70                65           250.314           35664194048             0            N/A          100               0                 0                 0                 0.000             99.000            0                 0                 0                 0                           0                           0                           170522472081152             166919250028288             444               0.998        0.794        0.187        0.000        0.000        0.000        0.000        0.000        4296833                     3138361                     0                           0                           
GPU 0     1410         1512         0                           69                65           251.692           35664219183             0            N/A          100               0                 0                 0                 0.000             99.000            0                 0                 0                 0                           0                           0                           170522472081152             166919250028288             444               0.998        0.796        0.189        0.000        0.000        0.000        0.000        0.000        5159686                     3706369                     0                           0                           
GPU 0     1410         1512         0                           70                65           250.724           35664244378             0            N/A          100               0                 0                 0                 0.000             99.000            0                 0                 0                 0                           0                           0                           170522472081152             166919250028288             444               0.998        0.796        0.188        0.000        0.000        0.000        0.000        0.000        5457211                     3933325                     0                           0                           
#Entity   SMCLK        MMCLK        DVCCTR                      MMTMP             TMPTR        POWER             TOTEC                   PSTAT        FANSP        GPUTL             MCUTL             ECUTL             DCUTL             MUSAM             GUSAM             PVIOL             TVIOL             SBVIO             BLVIO                       LUVIO                       RVIOL                       TAPCV                       TAPBC                       FBUSD             GRACT        SMACT        SMOCC        TENSO        DRAMA        FP64A        FP32A        FP16A        PCITX                       PCIRX                       NVLTX                       NVLRX                       
ID                                                              C                  C            W                 mJ                                                                                                                                                                                                                                                                                                                                                                                                                                                                                                                                                                                                       
GPU 0     1410         1512         0                           70                65           249.834           35664269420             0            N/A          100               0                 0                 0                 0.000             99.000            0                 0                 0                 0                           0                           0                           170522472081152             166919250028288             444               0.998        0.000        0.000        0.000        0.000        0.000        0.000        0.000        2783434                     2103809                     0                           0                           
GPU 0     1410         1512         0                           70                65           249.923           35664294528             0            N/A          100               0                 0                 0                 0.000             99.000            0                 0                 0                 0                           0                           0                           170522472081152             166919250028288             444               0.998        0.793        0.186        0.000        0.000        0.000        0.000        0.000        6134585                     4273645                     0                           0                           
GPU 0     1410         1512         0                           70                65           249.051           35664319808             0            N/A          100               0                 0                 0                 0.000             99.000            0                 0                 0                 0                           0                           0                           170522472081152             166919250028288             444               0.998        0.796        0.187        0.000        0.000        0.000        0.000        0.000        6362006                     4471907                     0                           0                           
GPU 0     1410         1512         0                           70                65           252.588           35664344881             0            N/A          100               0                 0                 0                 0.000             99.000            0                 0                 0                 0                           0                           0                           170522472081152             166919250028288             444               0.998        0.793        0.187        0.000        0.000        0.000        0.000        0.000        5804012                     4140119                     0                           0                           
GPU 0     1410         1512         0                           68                65           250.116           35664370115             0            N/A          100               0                 0                 0                 0.000             99.000            0                 0                 0                 0                           0                           0                           170522472081152             166919250028288             444               0.998        0.790        0.187        0.000        0.000        0.000        0.000        0.000        7632451                     5282179                     0                           0                           
GPU 0     1410         1512         0                           70                65           252.572           35664395203             0            N/A          100               0                 0                 0                 0.000             99.000            0                 0                 0                 0                           0                           0                           170522472081152             166919250028288             444               0.998        0.795        0.188        0.000        0.000        0.000        0.000        0.000        6050776                     4309774                     0                           0                           
GPU 0     1410         1512         0                           70                65           250.213           35664420277             0            N/A          100               0                 0                 0                 0.000             99.000            0                 0                 0                 0                           0                           0                           170522472081152             166919250028288             444               0.998        0.000        0.000        0.000        0.000        0.000        0.000        0.000        6643199                     4689265                     0                           0                           
GPU 0     1410         1512         0                           70                65           248.250           35664445584             0            N/A          100               0                 0                 0                 0.000             99.000            0                 0                 0                 0                           0                           0                           170522472081152             166919250028288             444               0.998        0.794        0.188        0.000        0.000        0.000        0.000        0.000        5955240                     4231434                     0                           0                           
GPU 0     1410         1512         0                           70                65           251.470           35664470707             0            N/A          100               0                 0                 0                 0.000             99.000            0                 0                 0                 0                           0                           0                           170522472081152             166919250028288             444               0.998        0.790        0.186        0.000        0.000        0.000        0.000        0.000        6433537                     4573219                     0                           0                           
GPU 0     1410         1512         0                           70                65           249.622           35664495806             0            N/A          100               0                 0                 0                 0.000             99.000            0                 0                 0                 0                           0                           0                           170522472081152             166919250028288             444               0.998        0.792        0.187        0.000        0.000        0.000        0.000        0.000        6790707                     4619256                     0                           0                           
GPU 0     1410         1512         0                           69                65           252.777           35664521099             0            N/A          100               0                 0                 0                 0.000             99.000            0                 0                 0                 0                           0                           0                           170522472081152             166919250028288             444               0.998        0.790        0.186        0.000        0.000        0.000        0.000        0.000        5577531                     4135966                     0                           0                           
GPU 0     1410         1512         0                           70                65           250.422           35664546253             0            N/A          100               0                 0                 0                 0.000             99.000            0                 0                 0                 0                           0                           0                           170522472081152             166919250028288             444               0.997        0.795        0.188        0.000        0.000        0.000        0.000        0.000        3371736                     2405306                     0                           0                           
GPU 0     1410         1512         0                           70                65           248.541           35664571414             0            N/A          100               0                 0                 0                 0.000             99.000            0                 0                 0                 0                           0                           0                           170522472081152             166919250028288             444               0.998        0.000        0.000        0.000        0.000        0.000        0.000        0.000        6544813                     4624405                     0                           0                           
GPU 0     1410         1512         0                           70                65           251.572           35664596627             0            N/A          100               0                 0                 0                 0.000             99.000            0                 0                 0                 0                           0                           0                           170522472081152             166919250028288             444               0.998        0.000        0.000        0.000        0.000        0.000        0.000        0.000        6544813                     4624405                     0                           0                           
#Entity   SMCLK        MMCLK        DVCCTR                      MMTMP             TMPTR        POWER             TOTEC                   PSTAT        FANSP        GPUTL             MCUTL             ECUTL             DCUTL             MUSAM             GUSAM             PVIOL             TVIOL             SBVIO             BLVIO                       LUVIO                       RVIOL                       TAPCV                       TAPBC                       FBUSD             GRACT        SMACT        SMOCC        TENSO        DRAMA        FP64A        FP32A        FP16A        PCITX                       PCIRX                       NVLTX                       NVLRX                       
ID                                                              C                  C            W                 mJ                                                                                                                                                                                                                                                                                                                                                                                                                                                                                                                                                                                                       
GPU 0     1410         1512         0                           70                65           251.325           35664621815             0            N/A          100               0                 0                 0                 0.000             99.000            0                 0                 0                 0                           0                           0                           170522472081152             166919250028288             444               0.998        0.802        0.190        0.000        0.000        0.000        0.000        0.000        5042693                     3627576                     0                           0                           
GPU 0     1410         1512         0                           70                65           249.061           35664646890             0            N/A          100               0                 0                 0                 0.000             99.000            0                 0                 0                 0                           0                           0                           170522472081152             166919250028288             444               0.998        0.795        0.188        0.000        0.000        0.000        0.000        0.000        2569871                     2013359                     0                           0                           
GPU 0     1410         1512         0                           70                65           250.410           35664672067             0            N/A          100               0                 0                 0                 0.000             99.000            0                 0                 0                 0                           0                           0                           170522472081152             166919250028288             444               0.998        0.790        0.185        0.000        0.000        0.000        0.000        0.000        8313838                     5733302                     0                           0                           
GPU 0     1410         1512         0                           70                65           250.431           35664697143             0            N/A          100               0                 0                 0                 0.000             99.000            0                 0                 0                 0                           0                           0                           170522472081152             166919250028288             444               0.997        0.790        0.185        0.000        0.000        0.000        0.000        0.000        4206749                     3116946                     0                           0                           
GPU 0     1410         1512         0                           70                65           250.025           35664722363             0            N/A          100               0                 0                 0                 0.000             99.000            0                 0                 0                 0                           0                           0                           170522472081152             166919250028288             444               0.998        0.790        0.185        0.000        0.000        0.000        0.000        0.000        6450814                     4504871                     0                           0                           
GPU 0     1410         1512         0                           70                65           252.190           35664747558             0            N/A          100               0                 0                 0                 0.000             99.000            0                 0                 0                 0                           0                           0                           170522472081152             166919250028288             444               0.998        0.000        0.000        0.000        0.000        0.000        0.000        0.000        4593888                     3291930                     0                           0                           
GPU 0     1410         1512         0                           70                65           250.035           35664772740             0            N/A          100               0                 0                 0                 0.000             99.000            0                 0                 0                 0                           0                           0                           170522472081152             166919250028288             444               0.998        0.801        0.189        0.000        0.000        0.000        0.000        0.000        6881983                     4712398                     0                           0                           
GPU 0     1410         1512         0                           70                65           249.243           35664797869             0            N/A          100               0                 0                 0                 0.000             99.000            0                 0                 0                 0                           0                           0                           170522472081152             166919250028288             444               0.998        0.795        0.188        0.000        0.000        0.000        0.000        0.000        5804059                     3921090                     0                           0                           
GPU 0     1410         1512         0                           70                65           252.668           35664823334             0            N/A          100               0                 0                 0                 0.000             99.000            0                 0                 0                 0                           0                           0                           170522472081152             166919250028288             444               0.998        0.790        0.185        0.000        0.000        0.000        0.000        0.000        6584161                     4593036                     0                           0                           
GPU 0     1410         1512         0                           70                65           250.213           35664848405             0            N/A          100               0                 0                 0                 0.000             99.000            0                 0                 0                 0                           0                           0                           170522472081152             166919250028288             444               0.998        0.796        0.189        0.000        0.000        0.000        0.000        0.000        6187572                     4420873                     0                           0                           
GPU 0     1410         1512         0                           70                65           248.665           35664873595             0            N/A          100               0                 0                 0                 0.000             99.000            0                 0                 0                 0                           0                           0                           170522472081152             166919250028288             444               0.998        0.792        0.186        0.000        0.000        0.000        0.000        0.000        6633429                     4586628                     0                           0                           
GPU 0     1410         1512         0                           70                65           252.941           35664898949             0            N/A          100               0                 0                 0                 0.000             99.000            0                 0                 0                 0                           0                           0                           170522472081152             166919250028288             444               0.998        0.000        0.000        0.000        0.000        0.000        0.000        0.000        5428449                     3967119                     0                           0                           
GPU 0     1410         1512         0                           70                65           250.626           35664924155             0            N/A          100               0                 0                 0                 0.000             99.000            0                 0                 0                 0                           0                           0                           170522472081152             166919250028288             444               0.998        0.801        0.189        0.000        0.000        0.000        0.000        0.000        5750337                     4064081                     0                           0                           
GPU 0     1410         1512         0                           70                65           248.267           35664949217             0            N/A          100               0                 0                 0                 0.000             99.000            0                 0                 0                 0                           0                           0                           170522472081152             166919250028288             444               0.998        0.793        0.187        0.000        0.000        0.000        0.000        0.000        6409633                     4575625                     0                           0                           
#Entity   SMCLK        MMCLK        DVCCTR                      MMTMP             TMPTR        POWER             TOTEC                   PSTAT        FANSP        GPUTL             MCUTL             ECUTL             DCUTL             MUSAM             GUSAM             PVIOL             TVIOL             SBVIO             BLVIO                       LUVIO                       RVIOL                       TAPCV                       TAPBC                       FBUSD             GRACT        SMACT        SMOCC        TENSO        DRAMA        FP64A        FP32A        FP16A        PCITX                       PCIRX                       NVLTX                       NVLRX                       
ID                                                              C                  C            W                 mJ                                                                                                                                                                                                                                                                                                                                                                                                                                                                                                                                                                                                       
GPU 0     1410         1512         0                           70                65           252.271           35664974560             0            N/A          100               0                 0                 0                 0.000             99.000            0                 0                 0                 0                           0                           0                           170522472081152             166919250028288             444               0.997        0.790        0.187        0.000        0.000        0.000        0.000        0.000        6016921                     4206158                     0                           0                           
GPU 0     1410         1512         0                           70                65           251.200           35664999759             0            N/A          100               0                 0                 0                 0.000             99.000            0                 0                 0                 0                           0                           0                           170522472081152             166919250028288             444               0.998        0.795        0.187        0.000        0.000        0.000        0.000        0.000        7589275                     5266898                     0                           0                           
GPU 0     1410         1512         0                           70                65           248.936           35665024935             0            N/A          100               0                 0                 0                 0.000             99.000            0                 0                 0                 0                           0                           0                           170522472081152             166919250028288             444               0.998        0.790        0.185        0.000        0.000        0.000        0.000        0.000        7334758                     5070682                     0                           0                           
GPU 0     1410         1512         0                           70                65           251.792           35665050243             0            N/A          100               0                 0                 0                 0.000             99.000            0                 0                 0                 0                           0                           0                           170522472081152             166919250028288             444               0.998        0.000        0.000        0.000        0.000        0.000        0.000        0.000        6599956                     4487154                     0                           0                           
GPU 0     1410         1512         0                           70                65           249.939           35665050243             0            N/A          100               0                 0                 0                 0.000             99.000            0                 0                 0                 0                           0                           0                           170522472081152             166919250028288             444               0.998        0.788        0.185        0.000        0.000        0.000        0.000        0.000        7257208                     5043041                     0                           0                           
GPU 0     1410         1512         0                           70                65           249.333           35665100536             0            N/A          100               0                 0                 0                 0.000             99.000            0                 0                 0                 0                           0                           0                           170522472081152             166919250028288             444               0.998        0.790        0.185        0.000        0.000        0.000        0.000        0.000        5788538                     4060843                     0                           0                           
GPU 0     1410         1512         0                           70                65           250.313           35665125887             0            N/A          100               0                 0                 0                 0.000             99.000            0                 0                 0                 0                           0                           0                           170522472081152             166919250028288             444               0.998        0.795        0.187        0.000        0.000        0.000        0.000        0.000        8838709                     6149902                     0                           0                           
GPU 0     1410         1512         0                           70                65           252.270           35665151205             0            N/A          100               0                 0                 0                 0.000             99.000            0                 0                 0                 0                           0                           0                           170522472081152             166919250028288             444               0.998        0.793        0.185        0.000        0.000        0.000        0.000        0.000        5111329                     3687331                     0                           0                           
GPU 0     1410         1512         0                           70                65           250.610           35665176348             0            N/A          100               0                 0                 0                 0.000             99.000            0                 0                 0                 0                           0                           0                           170522472081152             166919250028288             444               0.998        0.794        0.187        0.000        0.000        0.000        0.000        0.000        7567761                     5257256                     0                           0                           
GPU 0     1410         1512         0                           70                65           249.346           35665201485             0            N/A          100               0                 0                 0                 0.000             99.000            0                 0                 0                 0                           0                           0                           170522472081152             166919250028288             444               0.998        0.000        0.000        0.000        0.000        0.000        0.000        0.000        3421867                     2646001                     0                           0                           
GPU 0     1410         1512         0                           70                65           252.940           35665226771             0            N/A          100               0                 0                 0                 0.000             99.000            0                 0                 0                 0                           0                           0                           170522472081152             166919250028288             444               0.998        0.785        0.181        0.000        0.000        0.000        0.000        0.000        7848481                     5405155                     0                           0                           
GPU 0     1410         1512         0                           70                65           250.114           35665251969             0            N/A          100               0                 0                 0                 0.000             99.000            0                 0                 0                 0                           0                           0                           170522472081152             166919250028288             444               0.997        0.790        0.186        0.000        0.000        0.000        0.000        0.000        2430840                     2119767                     0                           0                           
GPU 0     1410         1512         0                           70                65           252.845           35665277133             0            N/A          100               0                 0                 0                 0.000             99.000            0                 0                 0                 0                           0                           0                           170522472081152             166919250028288             444               0.998        0.790        0.186        0.000        0.000        0.000        0.000        0.000        7163664                     4774009                     0                           0                           
GPU 0     1410         1512         0                           70                65           250.502           35665302413             0            N/A          100               0                 0                 0                 0.000             99.000            0                 0                 0                 0                           0                           0                           170522472081152             166919250028288             444               0.998        0.790        0.185        0.000        0.000        0.000        0.000        0.000        2455218                     2111375                     0                           0                           
#Entity   SMCLK        MMCLK        DVCCTR                      MMTMP             TMPTR        POWER             TOTEC                   PSTAT        FANSP        GPUTL             MCUTL             ECUTL             DCUTL             MUSAM             GUSAM             PVIOL             TVIOL             SBVIO             BLVIO                       LUVIO                       RVIOL                       TAPCV                       TAPBC                       FBUSD             GRACT        SMACT        SMOCC        TENSO        DRAMA        FP64A        FP32A        FP16A        PCITX                       PCIRX                       NVLTX                       NVLRX                       
ID                                                              C                  C            W                 mJ                                                                                                                                                                                                                                                                                                                                                                                                                                                                                                                                                                                                       
GPU 0     1410         1512         0                           70                65           248.556           35665327649             0            N/A          100               0                 0                 0                 0.000             99.000            0                 0                 0                 0                           0                           0                           170522472081152             166919250028288             444               0.997        0.790        0.186        0.000        0.000        0.000        0.000        0.000        6242715                     4319368                     0                           0                           
GPU 0     1410         1512         0                           70                65           253.037           35665352746             0            N/A          100               0                 0                 0                 0.000             99.000            0                 0                 0                 0                           0                           0                           170522472081152             166919250028288             444               0.998        0.000        0.000        0.000        0.000        0.000        0.000        0.000        2414245                     2103192                     0                           0                           
GPU 0     1410         1512         0                           70                65           250.421           35665378038             0            N/A          100               0                 0                 0                 0.000             99.000            0                 0                 0                 0                           0                           0                           170522472081152             166919250028288             444               0.998        0.791        0.186        0.000        0.000        0.000        0.000        0.000        7043116                     4864154                     0                           0                           
GPU 0     1410         1512         0                           70                65           248.459           35665403126             0            N/A          100               0                 0                 0                 0.000             99.000            0                 0                 0                 0                           0                           0                           170522472081152             166919250028288             444               0.997        0.790        0.185        0.000        0.000        0.000        0.000        0.000        687382                      941061                      0                           0                           
GPU 0     1410         1512         0                           70                65           251.089           35665428418             0            N/A          100               0                 0                 0                 0.000             99.000            0                 0                 0                 0                           0                           0                           170522472081152             166919250028288             444               0.997        0.790        0.185        0.000        0.000        0.000        0.000        0.000        7511734                     5092157                     0                           0                           
GPU 0     1410         1512         0                           70                65           250.117           35665453714             0            N/A          100               0                 0                 0                 0.000             99.000            0                 0                 0                 0                           0                           0                           170522472081152             166919250028288             444               0.998        0.792        0.187        0.000        0.000        0.000        0.000        0.000        687483                      933018                      0                           0                           
GPU 0     1410         1512         0                           70                65           251.589           35665478802             0            N/A          100               0                 0                 0                 0.000             99.000            0                 0                 0                 0                           0                           0                           170522472081152             166919250028288             444               0.997        0.790        0.187        0.000        0.000        0.000        0.000        0.000        8044722                     5356687                     0                           0                           
GPU 0     1410         1512         0                           70                65           251.105           35665504121             0            N/A          100               0                 0                 0                 0.000             99.000            0                 0                 0                 0                           0                           0                           170522472081152             166919250028288             444               0.998        0.000        0.000        0.000        0.000        0.000        0.000        0.000        10254027                    5995926                     0                           0                           
GPU 0     1410         1512         0                           70                65           248.841           35665529813             0            N/A          100               0                 0                 0                 0.000             99.000            0                 0                 0                 0                           0                           0                           170522472081152             166919250028288             444               0.998        0.000        0.000        0.000        0.000        0.000        0.000        0.000        10254027                    5995926                     0                           0                           
GPU 0     1410         1512         0                           70                65           250.217           35665555067             0            N/A          100               0                 0                 0                 0.000             99.000            0                 0                 0                 0                           0                           0                           170522472081152             166919250028288             444               0.998        0.795        0.187        0.000        0.000        0.000        0.000        0.000        679274                      924793                      0                           0                           
GPU 0     1410         1512         0                           70                65           249.923           35665580363             0            N/A          100               0                 0                 0                 0.000             99.000            0                 0                 0                 0                           0                           0                           170522472081152             166919250028288             444               0.998        0.790        0.185        0.000        0.000        0.000        0.000        0.000        7377935                     5070566                     0                           0                           
GPU 0     1410         1512         0                           70                65           250.705           35665605582             0            N/A          100               0                 0                 0                 0.000             99.000            0                 0                 0                 0                           0                           0                           170522472081152             166919250028288             444               0.998        0.790        0.187        0.000        0.000        0.000        0.000        0.000        687586                      949524                      0                           0                           
GPU 0     1410         1512         0                           70                65           250.424           35665630755             0            N/A          100               0                 0                 0                 0.000             99.000            0                 0                 0                 0                           0                           0                           170522472081152             166919250028288             444               0.998        0.792        0.186        0.000        0.000        0.000        0.000        0.000        7860861                     4989572                     0                           0                           
GPU 0     1410         1512         0                           70                65           251.677           35665656161             0            N/A          100               0                 0                 0                 0.000             99.000            0                 0                 0                 0                           0                           0                           170522472081152             166919250028288             444               0.998        0.000        0.000        0.000        0.000        0.000        0.000        0.000        679413                      941357                      0                           0                           
#Entity   SMCLK        MMCLK        DVCCTR                      MMTMP             TMPTR        POWER             TOTEC                   PSTAT        FANSP        GPUTL             MCUTL             ECUTL             DCUTL             MUSAM             GUSAM             PVIOL             TVIOL             SBVIO             BLVIO                       LUVIO                       RVIOL                       TAPCV                       TAPBC                       FBUSD             GRACT        SMACT        SMOCC        TENSO        DRAMA        FP64A        FP32A        FP16A        PCITX                       PCIRX                       NVLTX                       NVLRX                       
ID                                                              C                  C            W                 mJ                                                                                                                                                                                                                                                                                                                                                                                                                                                                                                                                                                                                       
GPU 0     1410         1512         0                           70                65           250.693           35665681758             0            N/A          100               0                 0                 0                 0.000             99.000            0                 0                 0                 0                           0                           0                           170522472081152             166919250028288             444               0.997        0.780        0.180        0.000        0.000        0.000        0.000        0.000        7909016                     5347432                     0                           0                           
GPU 0     1410         1512         0                           70                65           250.404           35665706269             0            N/A          100               0                 0                 0                 0.000             99.000            0                 0                 0                 0                           0                           0                           170522472081152             166919250028288             444               0.998        0.790        0.186        0.000        0.000        0.000        0.000        0.000        671067                      924760                      0                           0                           
GPU 0     1410         1512         0                           70                65           250.819           35665756794             0            N/A          100               0                 0                 0                 0.000             99.000            0                 0                 0                 0                           0                           0                           170522472081152             166919250028288             444               0.997        0.792        0.187        0.000        0.000        0.000        0.000        0.000        671101                      932995                      0                           0                           
GPU 0     1410         1512         0                           70                65           251.935           35665781871             0            N/A          100               0                 0                 0                 0.000             99.000            0                 0                 0                 0                           0                           0                           170522472081152             166919250028288             444               0.998        0.000        0.000        0.000        0.000        0.000        0.000        0.000        671165                      924896                      0                           0                           
GPU 0     1410         1512         0                           70                65           248.381           35665781871             0            N/A          100               0                 0                 0                 0.000             99.000            0                 0                 0                 0                           0                           0                           170522472081152             166919250028288             444               0.998        0.815        0.194        0.000        0.000        0.000        0.000        0.000        5169235                     3585732                     0                           0                           
GPU 0     1410         1512         0                           70                65           253.020           35665807193             0            N/A          100               0                 0                 0                 0.000             99.000            0                 0                 0                 0                           0                           0                           170522472081152             166919250028288             444               0.997        0.793        0.187        0.000        0.000        0.000        0.000        0.000        3152100                     2451878                     0                           0                           
GPU 0     1410         1512         0                           70                65           250.626           35665832384             0            N/A          100               0                 0                 0                 0.000             99.000            0                 0                 0                 0                           0                           0                           170522472081152             166919250028288             444               0.998        0.793        0.186        0.000        0.000        0.000        0.000        0.000        7801764                     5359035                     0                           0                           
GPU 0     1410         1512         0                           70                65           248.573           35665857774             0            N/A          100               0                 0                 0                 0.000             99.000            0                 0                 0                 0                           0                           0                           170522472081152             166919250028288             444               0.998        0.790        0.185        0.000        0.000        0.000        0.000        0.000        2463233                     2135944                     0                           0                           
GPU 0     1410         1512         0                           70                65           253.146           35665882979             0            N/A          100               0                 0                 0                 0.000             99.000            0                 0                 0                 0                           0                           0                           170522472081152             166919250028288             444               0.997        0.785        0.185        0.000        0.000        0.000        0.000        0.000        7477407                     5139930                     0                           0                           
GPU 0     1410         1512         0                           70                65           248.363           35665907949             0            N/A          100               0                 0                 0                 0.000             99.000            0                 0                 0                 0                           0                           0                           170522472081152             166919250028288             444               0.998        0.000        0.000        0.000        0.000        0.000        0.000        0.000        2471677                     2144279                     0                           0                           
GPU 0     1410         1512         0                           70                65           252.751           35665933333             0            N/A          100               0                 0                 0                 0.000             99.000            0                 0                 0                 0                           0                           0                           170522472081152             166919250028288             444               0.998        0.795        0.186        0.000        0.000        0.000        0.000        0.000        6754284                     4718910                     0                           0                           
GPU 0     1410         1512         0                           70                65           250.914           35665958540             0            N/A          100               0                 0                 0                 0.000             99.000            0                 0                 0                 0                           0                           0                           170522472081152             166919250028288             444               0.997        0.795        0.187        0.000        0.000        0.000        0.000        0.000        2502661                     2159272                     0                           0                           
