#Entity   SMCLK        MMCLK        DVCCTR                      MMTMP             TMPTR        POWER             TOTEC                   PSTAT        FANSP        GPUTL             MCUTL             ECUTL             DCUTL             MUSAM             GUSAM             PVIOL             TVIOL             SBVIO             BLVIO                       LUVIO                       RVIOL                       TAPCV                       TAPBC                       FBUSD             GRACT        SMACT        SMOCC        TENSO        DRAMA        FP64A        FP32A        FP16A        PCITX                       PCIRX                       NVLTX                       NVLRX                       
ID                                                              C                  C            W                 mJ                                                                                                                                                                                                                                                                                                                                                                                                                                                                                                                                                                                                       
GPU 0     1410         1512         0                           68                59           77.561            32732467744             0            N/A          0                 0                 0                 0                 3.000             89.000            0                 0                 0                 0                           0                           0                           169275070878976             165672167722400             480               1.000        1.000        0.171        0.004        0.050        0.000        0.000        0.000        78829155                    39414577                    0                           0                           
GPU 0     1410         1512         0                           68                61           182.887           32732491071             0            N/A          0                 0                 0                 0                 3.000             89.000            0                 0                 0                 0                           0                           0                           169275070878976             165672167722400             480               1.000        1.000        0.171        0.004        0.050        0.000        0.000        0.000        78829155                    39414577                    0                           0                           
GPU 0     1410         1512         0                           68                63           238.268           32732515204             0            N/A          77                4                 0                 0                 3.000             76.000            0                 0                 0                 0                           0                           0                           169275070878976             165672167722400             480               0.996        0.785        0.156        0.003        0.035        0.000        0.718        0.000        6090206                     4773028                     0                           0                           
GPU 0     1410         1512         0                           68                63           239.441           32732539415             0            N/A          77                4                 0                 0                 3.000             76.000            0                 0                 0                 0                           0                           0                           169275070878976             165672167722400             480               0.996        0.000        0.000        0.000        0.035        0.000        0.721        0.000        2870105                     2614405                     0                           0                           
GPU 0     1410         1512         0                           68                63           241.692           32732564707             0            N/A          100               5                 0                 0                 4.000             99.000            0                 0                 0                 0                           0                           0                           169275070878976             165672167722400             480               0.996        0.790        0.158        0.003        0.035        0.000        0.000        0.000        10330974                    6645535                     0                           0                           
GPU 0     1410         1512         0                           68                63           239.170           32732588127             0            N/A          100               5                 0                 0                 4.000             99.000            0                 0                 0                 0                           0                           0                           169275070878976             165672167722400             480               0.996        0.790        0.158        0.003        0.035        0.000        0.720        0.000        5642889                     4531932                     0                           0                           
GPU 0     1410         1512         0                           69                63           236.808           32732612025             0            N/A          100               5                 0                 0                 4.000             99.000            0                 0                 0                 0                           0                           0                           169275070878976             165672167722400             480               0.996        0.000        0.000        0.000        0.035        0.000        0.718        0.000        5919876                     4719132                     0                           0                           
GPU 0     1410         1512         0                           69                63           236.610           32732636066             0            N/A          100               5                 0                 0                 4.000             99.000            0                 0                 0                 0                           0                           0                           169275070878976             165672167722400             480               0.996        0.788        0.157        0.003        0.035        0.000        0.000        0.000        6232538                     4922780                     0                           0                           
GPU 0     1410         1512         0                           70                63           240.600           32732660356             0            N/A          100               5                 0                 0                 4.000             99.000            0                 0                 0                 0                           0                           0                           169275070878976             165672167722400             480               0.996        0.792        0.159        0.003        0.035        0.000        0.726        0.000        6355922                     4576302                     0                           0                           
GPU 0     1410         1512         0                           70                63           241.707           32732684505             0            N/A          100               5                 0                 0                 4.000             99.000            0                 0                 0                 0                           0                           0                           169275070878976             165672167722400             480               0.996        0.786        0.157        0.003        0.035        0.000        0.722        0.000        5167756                     4163306                     0                           0                           
GPU 0     1410         1512         0                           70                64           240.901           32732708710             0            N/A          100               5                 0                 0                 4.000             99.000            0                 0                 0                 0                           0                           0                           169275070878976             165672167722400             480               0.996        0.000        0.000        0.000        0.035        0.000        0.718        0.000        4654612                     3919362                     0                           0                           
GPU 0     1410         1512         0                           70                64           239.937           32732732897             0            N/A          100               5                 0                 0                 4.000             99.000            0                 0                 0                 0                           0                           0                           169275070878976             165672167722400             480               0.995        0.787        0.158        0.003        0.035        0.000        0.000        0.000        4359938                     3755546                     0                           0                           
GPU 0     1410         1512         0                           69                64           241.880           32732757070             0            N/A          100               5                 0                 0                 4.000             99.000            0                 0                 0                 0                           0                           0                           169275070878976             165672167722400             480               0.995        0.787        0.158        0.003        0.035        0.000        0.720        0.000        4351941                     3771883                     0                           0                           
GPU 0     1410         1512         0                           70                64           240.818           32732781269             0            N/A          100               5                 0                 0                 4.000             99.000            0                 0                 0                 0                           0                           0                           169275070878976             165672167722400             480               0.995        0.000        0.000        0.000        0.035        0.000        0.722        0.000        4302383                     3730615                     0                           0                           
GPU 0     1410         1512         0                           69                64           239.960           32732805649             0            N/A          100               5                 0                 0                 4.000             99.000            0                 0                 0                 0                           0                           0                           169275070878976             165672167722400             480               0.995        0.792        0.159        0.003        0.035        0.000        0.000        0.000        4416907                     3747154                     0                           0                           
#Entity   SMCLK        MMCLK        DVCCTR                      MMTMP             TMPTR        POWER             TOTEC                   PSTAT        FANSP        GPUTL             MCUTL             ECUTL             DCUTL             MUSAM             GUSAM             PVIOL             TVIOL             SBVIO             BLVIO                       LUVIO                       RVIOL                       TAPCV                       TAPBC                       FBUSD             GRACT        SMACT        SMOCC        TENSO        DRAMA        FP64A        FP32A        FP16A        PCITX                       PCIRX                       NVLTX                       NVLRX                       
ID                                                              C                  C            W                 mJ                                                                                                                                                                                                                                                                                                                                                                                                                                                                                                                                                                                                       
GPU 0     1410         1512         0                           70                64           239.238           32732829977             0            N/A          100               5                 0                 0                 4.000             99.000            0                 0                 0                 0                           0                           0                           169275070878976             165672167722400             480               0.995        0.788        0.158        0.003        0.035        0.000        0.723        0.000        4580752                     3870082                     0                           0                           
GPU 0     1410         1512         0                           69                64           240.818           32732854241             0            N/A          100               5                 0                 0                 4.000             99.000            0                 0                 0                 0                           0                           0                           169275070878976             165672167722400             480               0.995        0.000        0.000        0.000        0.035        0.000        0.719        0.000        2081120                     2276930                     0                           0                           
GPU 0     1410         1512         0                           69                64           241.196           32732878440             0            N/A          100               5                 0                 0                 4.000             99.000            0                 0                 0                 0                           0                           0                           169275070878976             165672167722400             480               0.995        0.787        0.157        0.003        0.035        0.000        0.000        0.000        3212747                     3049856                     0                           0                           
GPU 0     1410         1512         0                           69                64           241.886           32732902736             0            N/A          100               5                 0                 0                 4.000             99.000            0                 0                 0                 0                           0                           0                           169275070878976             165672167722400             480               0.995        0.791        0.158        0.003        0.035        0.000        0.723        0.000        3153690                     3030823                     0                           0                           
GPU 0     1410         1512         0                           69                64           242.072           32732926976             0            N/A          100               5                 0                 0                 4.000             99.000            0                 0                 0                 0                           0                           0                           169275070878976             165672167722400             480               0.995        0.789        0.158        0.003        0.035        0.000        0.718        0.000        4854589                     3834266                     0                           0                           
GPU 0     1410         1512         0                           70                64           239.622           32732951261             0            N/A          100               5                 0                 0                 4.000             99.000            0                 0                 0                 0                           0                           0                           169275070878976             165672167722400             480               0.995        0.000        0.000        0.000        0.035        0.000        0.718        0.000        5828672                     4710179                     0                           0                           
GPU 0     1410         1512         0                           70                64           239.764           32732975534             0            N/A          100               5                 0                 0                 4.000             99.000            0                 0                 0                 0                           0                           0                           169275070878976             165672167722400             480               0.995        0.797        0.160        0.003        0.035        0.000        0.724        0.000        6258939                     4714540                     0                           0                           
GPU 0     1410         1512         0                           70                64           242.187           32732999879             0            N/A          100               5                 0                 0                 4.000             99.000            0                 0                 0                 0                           0                           0                           169275070878976             165672167722400             480               0.995        0.785        0.156        0.003        0.035        0.000        0.000        0.000        7034784                     5121149                     0                           0                           
GPU 0     1410         1512         0                           70                64           241.694           32733024107             0            N/A          100               5                 0                 0                 4.000             99.000            0                 0                 0                 0                           0                           0                           169275070878976             165672167722400             480               0.995        0.785        0.156        0.003        0.035        0.000        0.000        0.000        7034784                     5121149                     0                           0                           
GPU 0     1410         1512         0                           69                64           240.435           32733048368             0            N/A          100               5                 0                 0                 4.000             99.000            0                 0                 0                 0                           0                           0                           169275070878976             165672167722400             480               0.995        0.793        0.159        0.003        0.035        0.000        0.717        0.000        7817861                     5809821                     0                           0                           
GPU 0     1410         1512         0                           70                64           241.982           32733072611             0            N/A          100               5                 0                 0                 4.000             99.000            0                 0                 0                 0                           0                           0                           169275070878976             165672167722400             480               0.995        0.787        0.157        0.003        0.035        0.000        0.718        0.000        4886388                     3937881                     0                           0                           
GPU 0     1410         1512         0                           69                64           241.803           32733096883             0            N/A          100               5                 0                 0                 4.000             99.000            0                 0                 0                 0                           0                           0                           169275070878976             165672167722400             480               0.995        0.785        0.156        0.003        0.035        0.000        0.718        0.000        4968118                     4126524                     0                           0                           
GPU 0     1410         1512         0                           70                64           240.915           32733121056             0            N/A          100               5                 0                 0                 4.000             99.000            0                 0                 0                 0                           0                           0                           169275070878976             165672167722400             480               0.995        0.000        0.000        0.000        0.035        0.000        0.726        0.000        7448934                     5640807                     0                           0                           
GPU 0     1410         1512         0                           69                64           240.136           32733145327             0            N/A          100               5                 0                 0                 4.000             99.000            0                 0                 0                 0                           0                           0                           169275070878976             165672167722400             480               0.995        0.792        0.159        0.003        0.035        0.000        0.720        0.000        3889572                     3321623                     0                           0                           
#Entity   SMCLK        MMCLK        DVCCTR                      MMTMP             TMPTR        POWER             TOTEC                   PSTAT        FANSP        GPUTL             MCUTL             ECUTL             DCUTL             MUSAM             GUSAM             PVIOL             TVIOL             SBVIO             BLVIO                       LUVIO                       RVIOL                       TAPCV                       TAPBC                       FBUSD             GRACT        SMACT        SMOCC        TENSO        DRAMA        FP64A        FP32A        FP16A        PCITX                       PCIRX                       NVLTX                       NVLRX                       
ID                                                              C                  C            W                 mJ                                                                                                                                                                                                                                                                                                                                                                                                                                                                                                                                                                                                       
GPU 0     1410         1512         0                           69                64           241.100           32733169641             0            N/A          100               5                 0                 0                 4.000             99.000            0                 0                 0                 0                           0                           0                           169275070878976             165672167722400             480               0.995        0.787        0.157        0.003        0.035        0.000        0.000        0.000        2432801                     2432519                     0                           0                           
GPU 0     1410         1512         0                           70                64           242.379           32733193962             0            N/A          100               5                 0                 0                 4.000             99.000            0                 0                 0                 0                           0                           0                           169275070878976             165672167722400             480               0.995        0.791        0.158        0.003        0.035        0.000        0.726        0.000        1273321                     1754745                     0                           0                           
GPU 0     1410         1512         0                           69                64           242.072           32733218288             0            N/A          100               5                 0                 0                 4.000             99.000            0                 0                 0                 0                           0                           0                           169275070878976             165672167722400             480               0.995        0.000        0.000        0.000        0.035        0.000        0.718        0.000        2388258                     2367955                     0                           0                           
GPU 0     1410         1512         0                           69                64           240.626           32733242573             0            N/A          100               5                 0                 0                 4.000             99.000            0                 0                 0                 0                           0                           0                           169275070878976             165672167722400             480               0.995        0.787        0.157        0.003        0.035        0.000        0.000        0.000        4843183                     3881534                     0                           0                           
GPU 0     1410         1512         0                           69                64           240.524           32733266804             0            N/A          100               5                 0                 0                 4.000             99.000            0                 0                 0                 0                           0                           0                           169275070878976             165672167722400             480               0.995        0.786        0.157        0.003        0.035        0.000        0.720        0.000        4441233                     3668085                     0                           0                           
GPU 0     1410         1512         0                           70                64           237.307           32733290961             0            N/A          100               5                 0                 0                 4.000             99.000            0                 0                 0                 0                           0                           0                           169275070878976             165672167722400             480               0.995        0.000        0.000        0.000        0.035        0.000        0.721        0.000        4486999                     3688267                     0                           0                           
GPU 0     1410         1512         0                           69                64           241.388           32733315004             0            N/A          100               5                 0                 0                 4.000             99.000            0                 0                 0                 0                           0                           0                           169275070878976             165672167722400             480               0.995        0.791        0.158        0.003        0.035        0.000        0.000        0.000        4219888                     3566143                     0                           0                           
GPU 0     1410         1512         0                           69                64           241.388           32733315004             0            N/A          100               5                 0                 0                 4.000             99.000            0                 0                 0                 0                           0                           0                           169275070878976             165672167722400             480               0.995        0.789        0.158        0.003        0.035        0.000        0.720        0.000        4202817                     3558749                     0                           0                           
GPU 0     1410         1512         0                           69                64           242.669           32733339241             0            N/A          100               5                 0                 0                 4.000             99.000            0                 0                 0                 0                           0                           0                           169275070878976             165672167722400             480               0.995        0.000        0.000        0.000        0.035        0.000        0.723        0.000        3824744                     3323783                     0                           0                           
GPU 0     1410         1512         0                           69                64           241.579           32733363528             0            N/A          100               5                 0                 0                 4.000             99.000            0                 0                 0                 0                           0                           0                           169275070878976             165672167722400             480               0.995        0.789        0.157        0.003        0.035        0.000        0.000        0.000        2742027                     2742025                     0                           0                           
GPU 0     1410         1512         0                           69                64           240.435           32733387794             0            N/A          100               5                 0                 0                 4.000             99.000            0                 0                 0                 0                           0                           0                           169275070878976             165672167722400             480               0.995        0.785        0.157        0.003        0.035        0.000        0.717        0.000        2790949                     2799120                     0                           0                           
GPU 0     1410         1512         0                           70                64           240.352           32733412127             0            N/A          100               5                 0                 0                 4.000             99.000            0                 0                 0                 0                           0                           0                           169275070878976             165672167722400             480               0.995        0.000        0.000        0.000        0.035        0.000        0.724        0.000        2742053                     2758425                     0                           0                           
GPU 0     1410         1512         0                           69                64           242.379           32733460506             0            N/A          100               5                 0                 0                 4.000             99.000            0                 0                 0                 0                           0                           0                           169275070878976             165672167722400             480               0.995        0.794        0.159        0.003        0.035        0.000        0.000        0.000        2717037                     2741587                     0                           0                           
GPU 0     1410         1512         0                           70                64           240.729           32733484656             0            N/A          100               5                 0                 0                 4.000             99.000            0                 0                 0                 0                           0                           0                           169275070878976             165672167722400             480               0.995        0.788        0.157        0.003        0.034        0.000        0.725        0.000        3669978                     3206082                     0                           0                           
#Entity   SMCLK        MMCLK        DVCCTR                      MMTMP             TMPTR        POWER             TOTEC                   PSTAT        FANSP        GPUTL             MCUTL             ECUTL             DCUTL             MUSAM             GUSAM             PVIOL             TVIOL             SBVIO             BLVIO                       LUVIO                       RVIOL                       TAPCV                       TAPBC                       FBUSD             GRACT        SMACT        SMOCC        TENSO        DRAMA        FP64A        FP32A        FP16A        PCITX                       PCIRX                       NVLTX                       NVLRX                       
ID                                                              C                  C            W                 mJ                                                                                                                                                                                                                                                                                                                                                                                                                                                                                                                                                                                                       
GPU 0     1410         1512         0                           70                64           236.923           32733508642             0            N/A          100               5                 0                 0                 4.000             99.000            0                 0                 0                 0                           0                           0                           169275070878976             165672167722400             480               0.995        0.000        0.000        0.000        0.035        0.000        0.723        0.000        3719516                     3268690                     0                           0                           
GPU 0     1410         1512         0                           69                64           239.369           32733532921             0            N/A          100               5                 0                 0                 4.000             99.000            0                 0                 0                 0                           0                           0                           169275070878976             165672167722400             480               0.995        0.790        0.158        0.003        0.035        0.000        0.000        0.000        4091808                     3442417                     0                           0                           
GPU 0     1410         1512         0                           69                64           240.908           32733557126             0            N/A          100               5                 0                 0                 4.000             99.000            0                 0                 0                 0                           0                           0                           169275070878976             165672167722400             480               0.995        0.785        0.157        0.003        0.035        0.000        0.723        0.000        4136081                     3480722                     0                           0                           
GPU 0     1410         1512         0                           70                64           242.379           32733581355             0            N/A          100               5                 0                 0                 4.000             99.000            0                 0                 0                 0                           0                           0                           169275070878976             165672167722400             480               0.995        0.000        0.000        0.000        0.035        0.000        0.721        0.000        4309234                     3574754                     0                           0                           
GPU 0     1410         1512         0                           69                64           241.879           32733605673             0            N/A          100               5                 0                 0                 4.000             99.000            0                 0                 0                 0                           0                           0                           169275070878976             165672167722400             480               0.995        0.787        0.158        0.003        0.035        0.000        0.000        0.000        4092394                     3456816                     0                           0                           
GPU 0     1410         1512         0                           69                64           240.710           32733629834             0            N/A          100               5                 0                 0                 4.000             99.000            0                 0                 0                 0                           0                           0                           169275070878976             165672167722400             480               0.995        0.793        0.159        0.003        0.035        0.000        0.717        0.000        4842628                     3828811                     0                           0                           
GPU 0     1410         1512         0                           69                64           236.907           32733653913             0            N/A          100               5                 0                 0                 4.000             99.000            0                 0                 0                 0                           0                           0                           169275070878976             165672167722400             480               0.995        0.000        0.000        0.000        0.035        0.000        0.721        0.000        3963159                     3413134                     0                           0                           
GPU 0     1410         1512         0                           69                64           239.540           32733678131             0            N/A          100               5                 0                 0                 4.000             99.000            0                 0                 0                 0                           0                           0                           169275070878976             165672167722400             480               0.995        0.789        0.158        0.003        0.035        0.000        0.000        0.000        3928221                     3394720                     0                           0                           
GPU 0     1410         1512         0                           69                64           242.675           32733702266             0            N/A          100               5                 0                 0                 4.000             99.000            0                 0                 0                 0                           0                           0                           169275070878976             165672167722400             480               0.995        0.785        0.156        0.003        0.035        0.000        0.721        0.000        3906801                     3389223                     0                           0                           
GPU 0     1410         1512         0                           69                64           238.451           32733726341             0            N/A          100               5                 0                 0                 4.000             99.000            0                 0                 0                 0                           0                           0                           169275070878976             165672167722400             480               0.995        0.785        0.156        0.003        0.035        0.000        0.721        0.000        3906801                     3389223                     0                           0                           
GPU 0     1410         1512         0                           70                64           241.885           32733750577             0            N/A          100               5                 0                 0                 4.000             99.000            0                 0                 0                 0                           0                           0                           169275070878976             165672167722400             480               0.995        0.000        0.000        0.000        0.035        0.000        0.726        0.000        3945168                     3392998                     0                           0                           
GPU 0     1410         1512         0                           69                64           240.433           32733774973             0            N/A          100               5                 0                 0                 4.000             99.000            0                 0                 0                 0                           0                           0                           169275070878976             165672167722400             480               0.995        0.787        0.157        0.003        0.035        0.000        0.000        0.000        3916590                     3382159                     0                           0                           
GPU 0     1410         1512         0                           69                64           241.011           32733799195             0            N/A          100               5                 0                 0                 4.000             99.000            0                 0                 0                 0                           0                           0                           169275070878976             165672167722400             480               0.995        0.791        0.158        0.003        0.035        0.000        0.719        0.000        3948185                     3375127                     0                           0                           
GPU 0     1410         1512         0                           69                64           240.914           32733823451             0            N/A          100               5                 0                 0                 4.000             99.000            0                 0                 0                 0                           0                           0                           169275070878976             165672167722400             480               0.995        0.000        0.000        0.000        0.035        0.000        0.718        0.000        3939951                     3408899                     0                           0                           
#Entity   SMCLK        MMCLK        DVCCTR                      MMTMP             TMPTR        POWER             TOTEC                   PSTAT        FANSP        GPUTL             MCUTL             ECUTL             DCUTL             MUSAM             GUSAM             PVIOL             TVIOL             SBVIO             BLVIO                       LUVIO                       RVIOL                       TAPCV                       TAPBC                       FBUSD             GRACT        SMACT        SMOCC        TENSO        DRAMA        FP64A        FP32A        FP16A        PCITX                       PCIRX                       NVLTX                       NVLRX                       
ID                                                              C                  C            W                 mJ                                                                                                                                                                                                                                                                                                                                                                                                                                                                                                                                                                                                       
GPU 0     1410         1512         0                           69                64           242.571           32733847746             0            N/A          100               5                 0                 0                 4.000             99.000            0                 0                 0                 0                           0                           0                           169275070878976             165672167722400             480               0.995        0.789        0.158        0.003        0.035        0.000        0.000        0.000        3914973                     3386643                     0                           0                           
GPU 0     1410         1512         0                           69                64           241.010           32733871941             0            N/A          100               5                 0                 0                 4.000             99.000            0                 0                 0                 0                           0                           0                           169275070878976             165672167722400             480               0.995        0.788        0.158        0.003        0.035        0.000        0.721        0.000        5007387                     3944537                     0                           0                           
GPU 0     1410         1512         0                           69                64           237.005           32733895953             0            N/A          100               5                 0                 0                 4.000             99.000            0                 0                 0                 0                           0                           0                           169275070878976             165672167722400             480               0.995        0.000        0.000        0.000        0.034        0.000        0.718        0.000        2029595                     2145814                     0                           0                           
GPU 0     1410         1512         0                           69                64           240.036           32733920229             0            N/A          100               5                 0                 0                 4.000             99.000            0                 0                 0                 0                           0                           0                           169275070878976             165672167722400             480               0.995        0.786        0.157        0.003        0.035        0.000        0.000        0.000        4279949                     3547838                     0                           0                           
GPU 0     1410         1512         0                           69                64           240.414           32733944434             0            N/A          100               5                 0                 0                 4.000             99.000            0                 0                 0                 0                           0                           0                           169275070878976             165672167722400             480               0.995        0.790        0.158        0.003        0.035        0.000        0.721        0.000        4074806                     3427566                     0                           0                           
GPU 0     1410         1512         0                           69                64           238.447           32733968530             0            N/A          100               5                 0                 0                 4.000             99.000            0                 0                 0                 0                           0                           0                           169275070878976             165672167722400             480               0.995        0.000        0.000        0.000        0.035        0.000        0.725        0.000        4176943                     3479555                     0                           0                           
GPU 0     1410         1512         0                           69                64           242.396           32733992716             0            N/A          100               5                 0                 0                 4.000             99.000            0                 0                 0                 0                           0                           0                           169275070878976             165672167722400             480               0.995        0.789        0.158        0.003        0.035        0.000        0.000        0.000        4150581                     3492489                     0                           0                           
GPU 0     1410         1512         0                           69                64           238.534           32734016760             0            N/A          100               5                 0                 0                 4.000             99.000            0                 0                 0                 0                           0                           0                           169275070878976             165672167722400             480               0.995        0.790        0.158        0.003        0.035        0.000        0.718        0.000        4172944                     3500817                     0                           0                           
GPU 0     1410         1512         0                           69                64           242.188           32734041007             0            N/A          100               5                 0                 0                 4.000             99.000            0                 0                 0                 0                           0                           0                           169275070878976             165672167722400             480               0.995        0.000        0.000        0.000        0.035        0.000        0.721        0.000        4235783                     3544523                     0                           0                           
GPU 0     1410         1512         0                           70                64           238.944           32734065030             0            N/A          100               5                 0                 0                 4.000             99.000            0                 0                 0                 0                           0                           0                           169275070878976             165672167722400             480               0.995        0.790        0.158        0.003        0.035        0.000        0.000        0.000        4233927                     3512062                     0                           0                           
GPU 0     1410         1512         0                           69                64           240.721           32734089240             0            N/A          100               5                 0                 0                 4.000             99.000            0                 0                 0                 0                           0                           0                           169275070878976             165672167722400             480               0.995        0.791        0.158        0.003        0.035        0.000        0.724        0.000        3775291                     3294517                     0                           0                           
GPU 0     1410         1512         0                           69                64           240.132           32734113511             0            N/A          100               5                 0                 0                 4.000             99.000            0                 0                 0                 0                           0                           0                           169275070878976             165672167722400             480               0.995        0.000        0.000        0.000        0.035        0.000        0.722        0.000        2782768                     2790910                     0                           0                           
GPU 0     1410         1512         0                           69                64           241.025           32734137801             0            N/A          100               5                 0                 0                 4.000             99.000            0                 0                 0                 0                           0                           0                           169275070878976             165672167722400             480               0.995        0.788        0.158        0.003        0.035        0.000        0.000        0.000        2783010                     2791066                     0                           0                           
GPU 0     1410         1512         0                           69                64           242.268           32734162068             0            N/A          100               5                 0                 0                 4.000             99.000            0                 0                 0                 0                           0                           0                           169275070878976             165672167722400             480               0.995        0.786        0.157        0.003        0.035        0.000        0.726        0.000        2733537                     2757950                     0                           0                           
#Entity   SMCLK        MMCLK        DVCCTR                      MMTMP             TMPTR        POWER             TOTEC                   PSTAT        FANSP        GPUTL             MCUTL             ECUTL             DCUTL             MUSAM             GUSAM             PVIOL             TVIOL             SBVIO             BLVIO                       LUVIO                       RVIOL                       TAPCV                       TAPBC                       FBUSD             GRACT        SMACT        SMOCC        TENSO        DRAMA        FP64A        FP32A        FP16A        PCITX                       PCIRX                       NVLTX                       NVLRX                       
ID                                                              C                  C            W                 mJ                                                                                                                                                                                                                                                                                                                                                                                                                                                                                                                                                                                                       
GPU 0     1410         1512         0                           69                64           240.516           32734186320             0            N/A          100               5                 0                 0                 4.000             99.000            0                 0                 0                 0                           0                           0                           169275070878976             165672167722400             480               0.995        0.000        0.000        0.000        0.035        0.000        0.719        0.000        2742070                     2750145                     0                           0                           
GPU 0     1410         1512         0                           69                64           241.004           32734210624             0            N/A          100               5                 0                 0                 4.000             99.000            0                 0                 0                 0                           0                           0                           169275070878976             165672167722400             480               0.995        0.785        0.157        0.003        0.035        0.000        0.000        0.000        2676843                     2742026                     0                           0                           
GPU 0     1410         1512         0                           69                64           240.818           32734235060             0            N/A          100               5                 0                 0                 4.000             99.000            0                 0                 0                 0                           0                           0                           169275070878976             165672167722400             480               0.995        0.792        0.158        0.003        0.035        0.000        0.717        0.000        5611414                     4286417                     0                           0                           
GPU 0     1410         1512         0                           69                64           242.384           32734259208             0            N/A          100               5                 0                 0                 4.000             99.000            0                 0                 0                 0                           0                           0                           169275070878976             165672167722400             480               0.995        0.000        0.000        0.000        0.035        0.000        0.720        0.000        4911278                     3699111                     0                           0                           
GPU 0     1410         1512         0                           69                64           241.198           32734283478             0            N/A          100               5                 0                 0                 4.000             99.000            0                 0                 0                 0                           0                           0                           169275070878976             165672167722400             480               0.995        0.789        0.158        0.003        0.035        0.000        0.000        0.000        3784700                     3130238                     0                           0                           
GPU 0     1410         1512         0                           69                64           241.293           32734307758             0            N/A          100               5                 0                 0                 4.000             99.000            0                 0                 0                 0                           0                           0                           169275070878976             165672167722400             480               0.995        0.792        0.159        0.003        0.035        0.000        0.724        0.000        5750790                     4428618                     0                           0                           
GPU 0     1410         1512         0                           69                64           242.280           32734332023             0            N/A          100               5                 0                 0                 4.000             99.000            0                 0                 0                 0                           0                           0                           169275070878976             165672167722400             480               0.995        0.000        0.000        0.000        0.035        0.000        0.721        0.000        3827196                     3182613                     0                           0                           
GPU 0     1410         1512         0                           69                64           242.477           32734356346             0            N/A          100               5                 0                 0                 4.000             99.000            0                 0                 0                 0                           0                           0                           169275070878976             165672167722400             480               0.995        0.788        0.158        0.003        0.035        0.000        0.000        0.000        5527140                     4308147                     0                           0                           
GPU 0     1410         1512         0                           69                64           241.516           32734380634             0            N/A          100               5                 0                 0                 4.000             99.000            0                 0                 0                 0                           0                           0                           169275070878976             165672167722400             480               0.995        0.789        0.158        0.003        0.035        0.000        0.720        0.000        5529596                     4299903                     0                           0                           
GPU 0     1410         1512         0                           69                64           240.034           32734404800             0            N/A          100               5                 0                 0                 4.000             99.000            0                 0                 0                 0                           0                           0                           169275070878976             165672167722400             480               0.995        0.000        0.000        0.000        0.035        0.000        0.718        0.000        5403495                     4222771                     0                           0                           
GPU 0     1410         1512         0                           70                64           240.915           32734429309             0            N/A          100               5                 0                 0                 4.000             99.000            0                 0                 0                 0                           0                           0                           169275070878976             165672167722400             480               0.995        0.792        0.158        0.003        0.035        0.000        0.000        0.000        5695865                     4381446                     0                           0                           
GPU 0     1410         1512         0                           69                64           242.079           32734453931             0            N/A          100               5                 0                 0                 4.000             99.000            0                 0                 0                 0                           0                           0                           169275070878976             165672167722400             480               0.995        0.789        0.157        0.003        0.035        0.000        0.724        0.000        5993814                     4525050                     0                           0                           
GPU 0     1410         1512         0                           69                64           241.196           32734502024             0            N/A          100               5                 0                 0                 4.000             99.000            0                 0                 0                 0                           0                           0                           169275070878976             165672167722400             480               0.995        0.000        0.000        0.000        0.035        0.000        0.722        0.000        6311612                     4688829                     0                           0                           
GPU 0     1410         1512         0                           70                64           240.998           32734502024             0            N/A          100               5                 0                 0                 4.000             99.000            0                 0                 0                 0                           0                           0                           169275070878976             165672167722400             480               0.995        0.789        0.158        0.003        0.035        0.000        0.000        0.000        4120605                     3492326                     0                           0                           
#Entity   SMCLK        MMCLK        DVCCTR                      MMTMP             TMPTR        POWER             TOTEC                   PSTAT        FANSP        GPUTL             MCUTL             ECUTL             DCUTL             MUSAM             GUSAM             PVIOL             TVIOL             SBVIO             BLVIO                       LUVIO                       RVIOL                       TAPCV                       TAPBC                       FBUSD             GRACT        SMACT        SMOCC        TENSO        DRAMA        FP64A        FP32A        FP16A        PCITX                       PCIRX                       NVLTX                       NVLRX                       
ID                                                              C                  C            W                 mJ                                                                                                                                                                                                                                                                                                                                                                                                                                                                                                                                                                                                       
GPU 0     1410         1512         0                           69                64           240.818           32734526309             0            N/A          100               5                 0                 0                 4.000             99.000            0                 0                 0                 0                           0                           0                           169275070878976             165672167722400             480               0.995        0.792        0.158        0.003        0.035        0.000        0.719        0.000        5420880                     4238125                     0                           0                           
GPU 0     1410         1512         0                           69                64           240.703           32734550646             0            N/A          100               5                 0                 0                 4.000             99.000            0                 0                 0                 0                           0                           0                           169275070878976             165672167722400             480               0.995        0.000        0.000        0.000        0.035        0.000        0.722        0.000        5371049                     4225944                     0                           0                           
GPU 0     1410         1512         0                           69                64           242.269           32734574853             0            N/A          100               5                 0                 0                 4.000             99.000            0                 0                 0                 0                           0                           0                           169275070878976             165672167722400             480               0.995        0.787        0.157        0.003        0.035        0.000        0.000        0.000        5706689                     4425826                     0                           0                           
GPU 0     1410         1512         0                           69                64           242.477           32734599181             0            N/A          100               5                 0                 0                 4.000             99.000            0                 0                 0                 0                           0                           0                           169275070878976             165672167722400             480               0.995        0.790        0.158        0.003        0.035        0.000        0.720        0.000        5375204                     4217499                     0                           0                           
GPU 0     1410         1512         0                           69                64           239.540           32734623459             0            N/A          100               5                 0                 0                 4.000             99.000            0                 0                 0                 0                           0                           0                           169275070878976             165672167722400             480               0.995        0.000        0.000        0.000        0.035        0.000        0.718        0.000        3492285                     2978497                     0                           0                           
GPU 0     1410         1512         0                           69                64           239.540           32734647735             0            N/A          100               5                 0                 0                 4.000             99.000            0                 0                 0                 0                           0                           0                           169275070878976             165672167722400             480               0.995        0.790        0.158        0.003        0.035        0.000        0.000        0.000        3975724                     3227213                     0                           0                           
GPU 0     1410         1512         0                           69                64           242.300           32734672021             0            N/A          100               5                 0                 0                 4.000             99.000            0                 0                 0                 0                           0                           0                           169275070878976             165672167722400             480               0.995        0.786        0.157        0.003        0.035        0.000        0.723        0.000        4156800                     3313032                     0                           0                           
GPU 0     1410         1512         0                           69                64           242.778           32734696323             0            N/A          100               5                 0                 0                 4.000             99.000            0                 0                 0                 0                           0                           0                           169275070878976             165672167722400             480               0.995        0.000        0.000        0.000        0.035        0.000        0.724        0.000        4495730                     3469635                     0                           0                           
GPU 0     1410         1512         0                           69                64           241.106           32734720620             0            N/A          100               5                 0                 0                 4.000             99.000            0                 0                 0                 0                           0                           0                           169275070878976             165672167722400             480               0.995        0.784        0.157        0.003        0.035        0.000        0.000        0.000        3723426                     3127801                     0                           0                           
GPU 0     1410         1512         0                           69                64           240.529           32734744849             0            N/A          100               5                 0                 0                 4.000             99.000            0                 0                 0                 0                           0                           0                           169275070878976             165672167722400             480               0.995        0.787        0.158        0.003        0.035        0.000        0.718        0.000        3753835                     3124675                     0                           0                           
GPU 0     1410         1512         0                           70                64           241.196           32734769108             0            N/A          100               5                 0                 0                 4.000             99.000            0                 0                 0                 0                           0                           0                           169275070878976             165672167722400             480               0.995        0.000        0.000        0.000        0.035        0.000        0.718        0.000        4314799                     3459978                     0                           0                           
GPU 0     1410         1512         0                           69                64           242.472           32734793334             0            N/A          100               5                 0                 0                 4.000             99.000            0                 0                 0                 0                           0                           0                           169275070878976             165672167722400             480               0.995        0.785        0.157        0.003        0.035        0.000        0.000        0.000        5741406                     4429130                     0                           0                           
GPU 0     1410         1512         0                           69                64           239.629           32734817259             0            N/A          100               5                 0                 0                 4.000             99.000            0                 0                 0                 0                           0                           0                           169275070878976             165672167722400             480               0.995        0.785        0.157        0.003        0.035        0.000        0.722        0.000        3938375                     3218790                     0                           0                           
GPU 0     1410         1512         0                           69                64           237.361           32734841346             0            N/A          100               5                 0                 0                 4.000             99.000            0                 0                 0                 0                           0                           0                           169275070878976             165672167722400             480               0.995        0.785        0.157        0.003        0.035        0.000        0.722        0.000        3938375                     3218790                     0                           0                           
#Entity   SMCLK        MMCLK        DVCCTR                      MMTMP             TMPTR        POWER             TOTEC                   PSTAT        FANSP        GPUTL             MCUTL             ECUTL             DCUTL             MUSAM             GUSAM             PVIOL             TVIOL             SBVIO             BLVIO                       LUVIO                       RVIOL                       TAPCV                       TAPBC                       FBUSD             GRACT        SMACT        SMOCC        TENSO        DRAMA        FP64A        FP32A        FP16A        PCITX                       PCIRX                       NVLTX                       NVLRX                       
ID                                                              C                  C            W                 mJ                                                                                                                                                                                                                                                                                                                                                                                                                                                                                                                                                                                                       
GPU 0     1410         1512         0                           69                64           240.241           32734865572             0            N/A          100               5                 0                 0                 4.000             99.000            0                 0                 0                 0                           0                           0                           169275070878976             165672167722400             480               0.995        0.000        0.000        0.000        0.035        0.000        0.721        0.000        3899650                     3196462                     0                           0                           
GPU 0     1410         1512         0                           69                64           241.012           32734889878             0            N/A          100               5                 0                 0                 4.000             99.000            0                 0                 0                 0                           0                           0                           169275070878976             165672167722400             480               0.995        0.786        0.157        0.003        0.035        0.000        0.000        0.000        4602548                     3555202                     0                           0                           
GPU 0     1410         1512         0                           69                64           241.684           32734914335             0            N/A          100               5                 0                 0                 4.000             99.000            0                 0                 0                 0                           0                           0                           169275070878976             165672167722400             480               0.995        0.788        0.157        0.003        0.035        0.000        0.720        0.000        6411147                     4777551                     0                           0                           
GPU 0     1410         1512         0                           69                64           242.380           32734938587             0            N/A          100               5                 0                 0                 4.000             99.000            0                 0                 0                 0                           0                           0                           169275070878976             165672167722400             480               0.995        0.000        0.000        0.000        0.035        0.000        0.725        0.000        5577044                     4165757                     0                           0                           
GPU 0     1410         1512         0                           69                64           242.187           32734962850             0            N/A          100               5                 0                 0                 4.000             99.000            0                 0                 0                 0                           0                           0                           169275070878976             165672167722400             480               0.995        0.789        0.158        0.003        0.035        0.000        0.000        0.000        4211972                     3532060                     0                           0                           
GPU 0     1410         1512         0                           69                64           240.538           32734987049             0            N/A          100               5                 0                 0                 4.000             99.000            0                 0                 0                 0                           0                           0                           169275070878976             165672167722400             480               0.995        0.793        0.159        0.003        0.035        0.000        0.722        0.000        4290875                     3538461                     0                           0                           
GPU 0     1410         1512         0                           69                64           236.790           32735011041             0            N/A          100               5                 0                 0                 4.000             99.000            0                 0                 0                 0                           0                           0                           169275070878976             165672167722400             480               0.995        0.000        0.000        0.000        0.035        0.000        0.719        0.000        4320136                     3565686                     0                           0                           
GPU 0     1410         1512         0                           69                64           240.620           32735035357             0            N/A          100               5                 0                 0                 4.000             99.000            0                 0                 0                 0                           0                           0                           169275070878976             165672167722400             480               0.995        0.788        0.157        0.003        0.035        0.000        0.000        0.000        4446365                     3658328                     0                           0                           
GPU 0     1410         1512         0                           69                64           241.773           32735059642             0            N/A          100               5                 0                 0                 4.000             99.000            0                 0                 0                 0                           0                           0                           169275070878976             165672167722400             480               0.995        0.793        0.159        0.003        0.035        0.000        0.719        0.000        4323424                     3557987                     0                           0                           
GPU 0     1410         1512         0                           69                64           242.380           32735084126             0            N/A          100               5                 0                 0                 4.000             99.000            0                 0                 0                 0                           0                           0                           169275070878976             165672167722400             480               0.995        0.000        0.000        0.000        0.035        0.000        0.719        0.000        4645493                     3760517                     0                           0                           
GPU 0     1410         1512         0                           69                64           242.167           32735108429             0            N/A          100               5                 0                 0                 4.000             99.000            0                 0                 0                 0                           0                           0                           169275070878976             165672167722400             480               0.995        0.789        0.158        0.003        0.035        0.000        0.000        0.000        4511268                     3659595                     0                           0                           
GPU 0     1410         1512         0                           69                64           240.709           32735132694             0            N/A          100               5                 0                 0                 4.000             99.000            0                 0                 0                 0                           0                           0                           169275070878976             165672167722400             480               0.995        0.785        0.157        0.003        0.035        0.000        0.722        0.000        4595298                     3736428                     0                           0                           
GPU 0     1410         1512         0                           69                64           240.819           32735157002             0            N/A          100               5                 0                 0                 4.000             99.000            0                 0                 0                 0                           0                           0                           169275070878976             165672167722400             480               0.995        0.000        0.000        0.000        0.035        0.000        0.721        0.000        4456152                     3627643                     0                           0                           
GPU 0     1410         1512         0                           69                64           242.664           32735181192             0            N/A          100               5                 0                 0                 4.000             99.000            0                 0                 0                 0                           0                           0                           169275070878976             165672167722400             480               0.995        0.788        0.158        0.003        0.035        0.000        0.000        0.000        4294537                     3564333                     0                           0                           
#Entity   SMCLK        MMCLK        DVCCTR                      MMTMP             TMPTR        POWER             TOTEC                   PSTAT        FANSP        GPUTL             MCUTL             ECUTL             DCUTL             MUSAM             GUSAM             PVIOL             TVIOL             SBVIO             BLVIO                       LUVIO                       RVIOL                       TAPCV                       TAPBC                       FBUSD             GRACT        SMACT        SMOCC        TENSO        DRAMA        FP64A        FP32A        FP16A        PCITX                       PCIRX                       NVLTX                       NVLRX                       
ID                                                              C                  C            W                 mJ                                                                                                                                                                                                                                                                                                                                                                                                                                                                                                                                                                                                       
GPU 0     1410         1512         0                           69                64           241.962           32735205445             0            N/A          100               5                 0                 0                 4.000             99.000            0                 0                 0                 0                           0                           0                           169275070878976             165672167722400             480               0.995        0.785        0.157        0.003        0.035        0.000        0.719        0.000        4294173                     3571037                     0                           0                           
GPU 0     1410         1512         0                           69                64           240.717           32735229807             0            N/A          100               5                 0                 0                 4.000             99.000            0                 0                 0                 0                           0                           0                           169275070878976             165672167722400             480               0.995        0.000        0.000        0.000        0.035        0.000        0.719        0.000        4290788                     3567588                     0                           0                           
GPU 0     1410         1512         0                           69                64           242.189           32735254114             0            N/A          100               5                 0                 0                 4.000             99.000            0                 0                 0                 0                           0                           0                           169275070878976             165672167722400             480               0.995        0.785        0.157        0.003        0.035        0.000        0.000        0.000        4631872                     3707875                     0                           0                           
GPU 0     1410         1512         0                           69                64           242.476           32735278545             0            N/A          100               5                 0                 0                 4.000             99.000            0                 0                 0                 0                           0                           0                           169275070878976             165672167722400             480               0.995        0.788        0.157        0.003        0.035        0.000        0.722        0.000        4405447                     3588546                     0                           0                           
GPU 0     1410         1512         0                           69                64           242.684           32735303063             0            N/A          100               5                 0                 0                 4.000             99.000            0                 0                 0                 0                           0                           0                           169275070878976             165672167722400             480               0.995        0.000        0.000        0.000        0.035        0.000        0.725        0.000        4509503                     3673692                     0                           0                           
GPU 0     1410         1512         0                           69                64           240.724           32735326995             0            N/A          100               5                 0                 0                 4.000             99.000            0                 0                 0                 0                           0                           0                           169275070878976             165672167722400             480               0.995        0.790        0.158        0.003        0.035        0.000        0.000        0.000        4779780                     3803782                     0                           0                           
GPU 0     1410         1512         0                           69                64           242.472           32735351331             0            N/A          100               5                 0                 0                 4.000             99.000            0                 0                 0                 0                           0                           0                           169275070878976             165672167722400             480               0.995        0.785        0.157        0.003        0.035        0.000        0.722        0.000        4782555                     3836047                     0                           0                           
GPU 0     1410         1512         0                           69                64           242.573           32735375580             0            N/A          100               5                 0                 0                 4.000             99.000            0                 0                 0                 0                           0                           0                           169275070878976             165672167722400             480               0.995        0.000        0.000        0.000        0.035        0.000        0.717        0.000        4166304                     3505286                     0                           0                           
