#Entity   SMCLK        MMCLK        DVCCTR                      MMTMP             TMPTR        POWER             TOTEC                   PSTAT        FANSP        GPUTL             MCUTL             ECUTL             DCUTL             MUSAM             GUSAM             PVIOL             TVIOL             SBVIO             BLVIO                       LUVIO                       RVIOL                       TAPCV                       TAPBC                       FBUSD             GRACT        SMACT        SMOCC        TENSO        DRAMA        FP64A        FP32A        FP16A        PCITX                       PCIRX                       NVLTX                       NVLRX                       
ID                                                              C                  C            W                 mJ                                                                                                                                                                                                                                                                                                                                                                                                                                                                                                                                                                                                       
GPU 0     1410         1512         0                           70                59           78.245            32286932596             0            N/A          0                 0                 0                 0                 3.000             88.000            0                 0                 0                 0                           0                           0                           169275070878976             165672167722400             480               1.000        1.000        0.171        0.004        0.050        0.000        0.000        0.000        75299179                    36573887                    0                           0                           
GPU 0     1410         1512         0                           69                63           244.342           32286946604             0            N/A          0                 0                 0                 0                 3.000             88.000            0                 0                 0                 0                           0                           0                           169275070878976             165672167722400             480               0.995        0.000        0.000        0.000        0.035        0.000        0.723        0.000        8780914                     6665890                     0                           0                           
GPU 0     1410         1512         0                           69                64           253.942           32286972023             0            N/A          88                4                 0                 0                 4.000             88.000            0                 0                 0                 0                           0                           0                           169275070878976             165672167722400             480               0.995        0.000        0.000        0.000        0.035        0.000        0.723        0.000        8780914                     6665890                     0                           0                           
GPU 0     1410         1512         0                           69                64           252.206           32286997482             0            N/A          88                4                 0                 0                 4.000             88.000            0                 0                 0                 0                           0                           0                           169275070878976             165672167722400             480               0.996        0.794        0.159        0.003        0.035        0.000        0.718        0.000        2194877                     2230388                     0                           0                           
GPU 0     1410         1512         0                           69                64           255.617           32287023034             0            N/A          100               5                 0                 0                 4.000             99.000            0                 0                 0                 0                           0                           0                           169275070878976             165672167722400             480               0.996        0.794        0.159        0.003        0.035        0.000        0.000        0.000        5619489                     3955445                     0                           0                           
GPU 0     1410         1512         0                           69                64           255.300           32287050617             0            N/A          100               5                 0                 0                 4.000             99.000            0                 0                 0                 0                           0                           0                           169275070878976             165672167722400             480               0.996        0.792        0.159        0.003        0.035        0.000        0.721        0.000        11946994                    7164737                     0                           0                           
GPU 0     1410         1512         0                           69                64           254.723           32287074684             0            N/A          100               5                 0                 0                 4.000             99.000            0                 0                 0                 0                           0                           0                           169275070878976             165672167722400             480               0.996        0.789        0.158        0.003        0.035        0.000        0.719        0.000        7632591                     5774536                     0                           0                           
GPU 0     1410         1512         0                           69                64           255.906           32287100332             0            N/A          100               5                 0                 0                 4.000             99.000            0                 0                 0                 0                           0                           0                           169275070878976             165672167722400             480               0.996        0.000        0.000        0.000        0.035        0.000        0.718        0.000        7395480                     5599606                     0                           0                           
GPU 0     1410         1512         0                           69                64           255.492           32287126029             0            N/A          100               5                 0                 0                 4.000             99.000            0                 0                 0                 0                           0                           0                           169275070878976             165672167722400             480               0.996        0.788        0.157        0.003        0.035        0.000        0.725        0.000        4788491                     3600106                     0                           0                           
GPU 0     1410         1512         0                           69                65           253.865           32287151605             0            N/A          100               5                 0                 0                 4.000             99.000            0                 0                 0                 0                           0                           0                           169275070878976             165672167722400             480               0.996        0.786        0.157        0.003        0.035        0.000        0.000        0.000        2668468                     2619367                     0                           0                           
GPU 0     1410         1512         0                           69                65           254.339           32287202947             0            N/A          100               5                 0                 0                 4.000             99.000            0                 0                 0                 0                           0                           0                           169275070878976             165672167722400             480               0.996        0.792        0.158        0.003        0.035        0.000        0.718        0.000        2883794                     2601112                     0                           0                           
GPU 0     1410         1512         0                           69                65           254.906           32287228512             0            N/A          100               5                 0                 0                 4.000             99.000            0                 0                 0                 0                           0                           0                           169275070878976             165672167722400             480               0.995        0.000        0.000        0.000        0.035        0.000        0.722        0.000        2346506                     2348883                     0                           0                           
GPU 0     1410         1512         0                           69                65           253.850           32287254144             0            N/A          100               5                 0                 0                 4.000             99.000            0                 0                 0                 0                           0                           0                           169275070878976             165672167722400             480               0.995        0.785        0.157        0.003        0.035        0.000        0.000        0.000        2364860                     2361053                     0                           0                           
GPU 0     1410         1512         0                           69                65           255.918           32287279811             0            N/A          100               5                 0                 0                 4.000             99.000            0                 0                 0                 0                           0                           0                           169275070878976             165672167722400             480               0.995        0.786        0.157        0.003        0.035        0.000        0.723        0.000        2051460                     2154012                     0                           0                           
GPU 0     1410         1512         0                           70                65           255.508           32287305441             0            N/A          100               5                 0                 0                 4.000             99.000            0                 0                 0                 0                           0                           0                           169275070878976             165672167722400             480               0.995        0.000        0.000        0.000        0.035        0.000        0.723        0.000        3991630                     3399080                     0                           0                           
#Entity   SMCLK        MMCLK        DVCCTR                      MMTMP             TMPTR        POWER             TOTEC                   PSTAT        FANSP        GPUTL             MCUTL             ECUTL             DCUTL             MUSAM             GUSAM             PVIOL             TVIOL             SBVIO             BLVIO                       LUVIO                       RVIOL                       TAPCV                       TAPBC                       FBUSD             GRACT        SMACT        SMOCC        TENSO        DRAMA        FP64A        FP32A        FP16A        PCITX                       PCIRX                       NVLTX                       NVLRX                       
ID                                                              C                  C            W                 mJ                                                                                                                                                                                                                                                                                                                                                                                                                                                                                                                                                                                                       
GPU 0     1410         1512         0                           69                65           254.536           32287331062             0            N/A          100               5                 0                 0                 4.000             99.000            0                 0                 0                 0                           0                           0                           169275070878976             165672167722400             480               0.995        0.787        0.158        0.003        0.035        0.000        0.000        0.000        2728834                     2753019                     0                           0                           
GPU 0     1410         1512         0                           69                65           255.806           32287356760             0            N/A          100               5                 0                 0                 4.000             99.000            0                 0                 0                 0                           0                           0                           169275070878976             165672167722400             480               0.995        0.789        0.158        0.003        0.035        0.000        0.720        0.000        4350137                     3869150                     0                           0                           
GPU 0     1410         1512         0                           69                65           256.672           32287382452             0            N/A          100               5                 0                 0                 4.000             99.000            0                 0                 0                 0                           0                           0                           169275070878976             165672167722400             480               0.995        0.000        0.000        0.000        0.035        0.000        0.718        0.000        4370127                     3854001                     0                           0                           
GPU 0     1410         1512         0                           71                65           254.134           32287408075             0            N/A          100               5                 0                 0                 4.000             99.000            0                 0                 0                 0                           0                           0                           169275070878976             165672167722400             480               0.995        0.792        0.159        0.003        0.035        0.000        0.000        0.000        5131416                     4277596                     0                           0                           
GPU 0     1410         1512         0                           69                65           255.419           32287433760             0            N/A          100               5                 0                 0                 4.000             99.000            0                 0                 0                 0                           0                           0                           169275070878976             165672167722400             480               0.995        0.785        0.157        0.003        0.035        0.000        0.721        0.000        4996555                     3811846                     0                           0                           
GPU 0     1410         1512         0                           69                65           256.494           32287459415             0            N/A          100               5                 0                 0                 4.000             99.000            0                 0                 0                 0                           0                           0                           169275070878976             165672167722400             480               0.995        0.787        0.158        0.003        0.035        0.000        0.725        0.000        5790254                     4730504                     0                           0                           
GPU 0     1410         1512         0                           69                65           256.110           32287485150             0            N/A          100               5                 0                 0                 4.000             99.000            0                 0                 0                 0                           0                           0                           169275070878976             165672167722400             480               0.995        0.787        0.158        0.003        0.035        0.000        0.725        0.000        5790254                     4730504                     0                           0                           
GPU 0     1410         1512         0                           69                65           254.729           32287510771             0            N/A          100               5                 0                 0                 4.000             99.000            0                 0                 0                 0                           0                           0                           169275070878976             165672167722400             480               0.995        0.791        0.158        0.003        0.035        0.000        0.722        0.000        4646020                     3529837                     0                           0                           
GPU 0     1410         1512         0                           69                65           254.729           32287536434             0            N/A          100               5                 0                 0                 4.000             99.000            0                 0                 0                 0                           0                           0                           169275070878976             165672167722400             480               0.995        0.000        0.000        0.000        0.035        0.000        0.726        0.000        3354976                     2881264                     0                           0                           
GPU 0     1410         1512         0                           70                65           254.950           32287562161             0            N/A          100               5                 0                 0                 4.000             99.000            0                 0                 0                 0                           0                           0                           169275070878976             165672167722400             480               0.995        0.793        0.159        0.003        0.035        0.000        0.000        0.000        3402103                     2904314                     0                           0                           
GPU 0     1410         1512         0                           70                65           257.259           32287587796             0            N/A          100               5                 0                 0                 4.000             99.000            0                 0                 0                 0                           0                           0                           169275070878976             165672167722400             480               0.995        0.790        0.158        0.003        0.035        0.000        0.723        0.000        3575286                     2970944                     0                           0                           
GPU 0     1410         1512         0                           69                65           254.906           32287613598             0            N/A          100               5                 0                 0                 4.000             99.000            0                 0                 0                 0                           0                           0                           169275070878976             165672167722400             480               0.995        0.000        0.000        0.000        0.034        0.000        0.718        0.000        3926530                     3183432                     0                           0                           
GPU 0     1410         1512         0                           69                65           253.849           32287639414             0            N/A          100               5                 0                 0                 4.000             99.000            0                 0                 0                 0                           0                           0                           169275070878976             165672167722400             480               0.995        0.788        0.158        0.003        0.034        0.000        0.000        0.000        3918318                     3191577                     0                           0                           
GPU 0     1410         1512         0                           70                65           253.850           32287664975             0            N/A          100               5                 0                 0                 4.000             99.000            0                 0                 0                 0                           0                           0                           169275070878976             165672167722400             480               0.995        0.785        0.157        0.003        0.035        0.000        0.722        0.000        3403953                     2930202                     0                           0                           
#Entity   SMCLK        MMCLK        DVCCTR                      MMTMP             TMPTR        POWER             TOTEC                   PSTAT        FANSP        GPUTL             MCUTL             ECUTL             DCUTL             MUSAM             GUSAM             PVIOL             TVIOL             SBVIO             BLVIO                       LUVIO                       RVIOL                       TAPCV                       TAPBC                       FBUSD             GRACT        SMACT        SMOCC        TENSO        DRAMA        FP64A        FP32A        FP16A        PCITX                       PCIRX                       NVLTX                       NVLRX                       
ID                                                              C                  C            W                 mJ                                                                                                                                                                                                                                                                                                                                                                                                                                                                                                                                                                                                       
GPU 0     1410         1512         0                           69                65           256.096           32287690677             0            N/A          100               5                 0                 0                 4.000             99.000            0                 0                 0                 0                           0                           0                           169275070878976             165672167722400             480               0.995        0.000        0.000        0.000        0.035        0.000        0.718        0.000        3338266                     2872713                     0                           0                           
GPU 0     1410         1512         0                           71                65           256.465           32287716326             0            N/A          100               5                 0                 0                 4.000             99.000            0                 0                 0                 0                           0                           0                           169275070878976             165672167722400             480               0.995        0.785        0.157        0.003        0.035        0.000        0.000        0.000        3306538                     2863919                     0                           0                           
GPU 0     1410         1512         0                           69                65           255.386           32287742059             0            N/A          100               5                 0                 0                 4.000             99.000            0                 0                 0                 0                           0                           0                           169275070878976             165672167722400             480               0.995        0.787        0.157        0.003        0.035        0.000        0.718        0.000        4533934                     3728372                     0                           0                           
GPU 0     1410         1512         0                           69                65           253.577           32287767822             0            N/A          100               5                 0                 0                 4.000             99.000            0                 0                 0                 0                           0                           0                           169275070878976             165672167722400             480               0.995        0.000        0.000        0.000        0.035        0.000        0.722        0.000        4518100                     3674678                     0                           0                           
GPU 0     1410         1512         0                           70                65           254.915           32287793445             0            N/A          100               5                 0                 0                 4.000             99.000            0                 0                 0                 0                           0                           0                           169275070878976             165672167722400             480               0.995        0.788        0.157        0.003        0.035        0.000        0.000        0.000        4680805                     3775934                     0                           0                           
GPU 0     1410         1512         0                           71                65           255.809           32287819188             0            N/A          100               5                 0                 0                 4.000             99.000            0                 0                 0                 0                           0                           0                           169275070878976             165672167722400             480               0.995        0.793        0.159        0.003        0.035        0.000        0.721        0.000        4283943                     3538530                     0                           0                           
GPU 0     1410         1512         0                           71                65           255.809           32287844929             0            N/A          100               5                 0                 0                 4.000             99.000            0                 0                 0                 0                           0                           0                           169275070878976             165672167722400             480               0.995        0.000        0.000        0.000        0.035        0.000        0.725        0.000        4550314                     3683866                     0                           0                           
GPU 0     1410         1512         0                           71                65           255.492           32287844929             0            N/A          100               5                 0                 0                 4.000             99.000            0                 0                 0                 0                           0                           0                           169275070878976             165672167722400             480               0.995        0.788        0.157        0.003        0.035        0.000        0.000        0.000        4878948                     3815554                     0                           0                           
GPU 0     1410         1512         0                           69                65           254.244           32287870600             0            N/A          100               5                 0                 0                 4.000             99.000            0                 0                 0                 0                           0                           0                           169275070878976             165672167722400             480               0.995        0.784        0.157        0.003        0.035        0.000        0.726        0.000        6689272                     5071965                     0                           0                           
GPU 0     1410         1512         0                           70                65           256.586           32287896319             0            N/A          100               5                 0                 0                 4.000             99.000            0                 0                 0                 0                           0                           0                           169275070878976             165672167722400             480               0.995        0.000        0.000        0.000        0.035        0.000        0.722        0.000        4399842                     3609042                     0                           0                           
GPU 0     1410         1512         0                           69                65           256.494           32287921988             0            N/A          100               5                 0                 0                 4.000             99.000            0                 0                 0                 0                           0                           0                           169275070878976             165672167722400             480               0.995        0.793        0.159        0.003        0.035        0.000        0.000        0.000        6241064                     4842752                     0                           0                           
GPU 0     1410         1512         0                           71                65           256.888           32287947669             0            N/A          100               5                 0                 0                 4.000             99.000            0                 0                 0                 0                           0                           0                           169275070878976             165672167722400             480               0.995        0.786        0.157        0.003        0.035        0.000        0.721        0.000        4408509                     3645089                     0                           0                           
GPU 0     1410         1512         0                           70                65           255.305           32287973444             0            N/A          99                5                 0                 0                 4.000             99.000            0                 0                 0                 0                           0                           0                           169275070878976             165672167722400             480               0.995        0.000        0.000        0.000        0.035        0.000        0.720        0.000        4367450                     3621149                     0                           0                           
GPU 0     1410         1512         0                           70                65           254.723           32287999101             0            N/A          99                5                 0                 0                 4.000             99.000            0                 0                 0                 0                           0                           0                           169275070878976             165672167722400             480               0.995        0.791        0.158        0.003        0.035        0.000        0.000        0.000        4313939                     3583547                     0                           0                           
#Entity   SMCLK        MMCLK        DVCCTR                      MMTMP             TMPTR        POWER             TOTEC                   PSTAT        FANSP        GPUTL             MCUTL             ECUTL             DCUTL             MUSAM             GUSAM             PVIOL             TVIOL             SBVIO             BLVIO                       LUVIO                       RVIOL                       TAPCV                       TAPBC                       FBUSD             GRACT        SMACT        SMOCC        TENSO        DRAMA        FP64A        FP32A        FP16A        PCITX                       PCIRX                       NVLTX                       NVLRX                       
ID                                                              C                  C            W                 mJ                                                                                                                                                                                                                                                                                                                                                                                                                                                                                                                                                                                                       
GPU 0     1410         1512         0                           69                65           255.612           32288024835             0            N/A          100               5                 0                 0                 4.000             99.000            0                 0                 0                 0                           0                           0                           169275070878976             165672167722400             480               0.995        0.785        0.157        0.003        0.034        0.000        0.718        0.000        4386973                     3622905                     0                           0                           
GPU 0     1410         1512         0                           71                65           256.986           32288050768             0            N/A          100               5                 0                 0                 4.000             99.000            0                 0                 0                 0                           0                           0                           169275070878976             165672167722400             480               0.995        0.000        0.000        0.000        0.035        0.000        0.719        0.000        4697255                     3780425                     0                           0                           
GPU 0     1410         1512         0                           70                65           253.960           32288076520             0            N/A          100               5                 0                 0                 4.000             99.000            0                 0                 0                 0                           0                           0                           169275070878976             165672167722400             480               0.995        0.785        0.157        0.003        0.035        0.000        0.000        0.000        4740620                     3788650                     0                           0                           
GPU 0     1410         1512         0                           71                65           254.358           32288101778             0            N/A          100               5                 0                 0                 4.000             99.000            0                 0                 0                 0                           0                           0                           169275070878976             165672167722400             480               0.995        0.787        0.158        0.003        0.035        0.000        0.724        0.000        4226843                     3540434                     0                           0                           
GPU 0     1410         1512         0                           70                65           255.120           32288127534             0            N/A          100               5                 0                 0                 4.000             99.000            0                 0                 0                 0                           0                           0                           169275070878976             165672167722400             480               0.995        0.000        0.000        0.000        0.035        0.000        0.720        0.000        4317176                     3577354                     0                           0                           
GPU 0     1410         1512         0                           71                65           256.989           32288153280             0            N/A          100               5                 0                 0                 4.000             99.000            0                 0                 0                 0                           0                           0                           169275070878976             165672167722400             480               0.995        0.785        0.157        0.003        0.035        0.000        0.000        0.000        4269223                     3573864                     0                           0                           
GPU 0     1410         1512         0                           71                65           256.864           32288179055             0            N/A          100               5                 0                 0                 4.000             99.000            0                 0                 0                 0                           0                           0                           169275070878976             165672167722400             480               0.995        0.787        0.157        0.003        0.035        0.000        0.718        0.000        4350545                     3601998                     0                           0                           
GPU 0     1410         1512         0                           69                65           255.536           32288205134             0            N/A          100               5                 0                 0                 4.000             99.000            0                 0                 0                 0                           0                           0                           169275070878976             165672167722400             480               0.995        0.000        0.000        0.000        0.035        0.000        0.724        0.000        5619850                     4486124                     0                           0                           
GPU 0     1410         1512         0                           69                65           255.899           32288230836             0            N/A          100               5                 0                 0                 4.000             99.000            0                 0                 0                 0                           0                           0                           169275070878976             165672167722400             480               0.995        0.785        0.157        0.003        0.035        0.000        0.000        0.000        3930514                     3398521                     0                           0                           
GPU 0     1410         1512         0                           70                65           255.427           32288256485             0            N/A          100               5                 0                 0                 4.000             99.000            0                 0                 0                 0                           0                           0                           169275070878976             165672167722400             480               0.995        0.789        0.158        0.003        0.035        0.000        0.724        0.000        4731724                     3734160                     0                           0                           
GPU 0     1410         1512         0                           70                65           256.975           32288307797             0            N/A          99                5                 0                 0                 4.000             99.000            0                 0                 0                 0                           0                           0                           169275070878976             165672167722400             480               0.995        0.000        0.000        0.000        0.035        0.000        0.725        0.000        3780652                     3289393                     0                           0                           
GPU 0     1410         1512         0                           70                65           257.172           32288333404             0            N/A          99                5                 0                 0                 4.000             99.000            0                 0                 0                 0                           0                           0                           169275070878976             165672167722400             480               0.995        0.793        0.159        0.003        0.035        0.000        0.000        0.000        3840336                     3354223                     0                           0                           
GPU 0     1410         1512         0                           70                65           255.204           32288359027             0            N/A          100               5                 0                 0                 4.000             99.000            0                 0                 0                 0                           0                           0                           169275070878976             165672167722400             480               0.995        0.790        0.158        0.003        0.035        0.000        0.718        0.000        3818064                     3352451                     0                           0                           
GPU 0     1410         1512         0                           70                65           255.214           32288384833             0            N/A          100               5                 0                 0                 4.000             99.000            0                 0                 0                 0                           0                           0                           169275070878976             165672167722400             480               0.995        0.000        0.000        0.000        0.035        0.000        0.719        0.000        3942991                     3407991                     0                           0                           
#Entity   SMCLK        MMCLK        DVCCTR                      MMTMP             TMPTR        POWER             TOTEC                   PSTAT        FANSP        GPUTL             MCUTL             ECUTL             DCUTL             MUSAM             GUSAM             PVIOL             TVIOL             SBVIO             BLVIO                       LUVIO                       RVIOL                       TAPCV                       TAPBC                       FBUSD             GRACT        SMACT        SMOCC        TENSO        DRAMA        FP64A        FP32A        FP16A        PCITX                       PCIRX                       NVLTX                       NVLRX                       
ID                                                              C                  C            W                 mJ                                                                                                                                                                                                                                                                                                                                                                                                                                                                                                                                                                                                       
GPU 0     1410         1512         0                           71                65           256.903           32288410689             0            N/A          100               5                 0                 0                 4.000             99.000            0                 0                 0                 0                           0                           0                           169275070878976             165672167722400             480               0.995        0.785        0.156        0.003        0.035        0.000        0.000        0.000        3923611                     3411892                     0                           0                           
GPU 0     1410         1512         0                           70                65           255.516           32288436303             0            N/A          100               5                 0                 0                 4.000             99.000            0                 0                 0                 0                           0                           0                           169275070878976             165672167722400             480               0.995        0.785        0.156        0.003        0.035        0.000        0.718        0.000        4692492                     3768787                     0                           0                           
GPU 0     1410         1512         0                           71                65           255.617           32288461996             0            N/A          100               5                 0                 0                 4.000             99.000            0                 0                 0                 0                           0                           0                           169275070878976             165672167722400             480               0.995        0.000        0.000        0.000        0.035        0.000        0.725        0.000        5381807                     4090923                     0                           0                           
GPU 0     1410         1512         0                           70                65           254.443           32288487909             0            N/A          100               5                 0                 0                 4.000             99.000            0                 0                 0                 0                           0                           0                           169275070878976             165672167722400             480               0.995        0.788        0.158        0.003        0.035        0.000        0.000        0.000        5401624                     4123067                     0                           0                           
GPU 0     1410         1512         0                           71                65           253.835           32288513587             0            N/A          100               5                 0                 0                 4.000             99.000            0                 0                 0                 0                           0                           0                           169275070878976             165672167722400             480               0.995        0.787        0.157        0.003        0.035        0.000        0.719        0.000        5095378                     3950028                     0                           0                           
GPU 0     1410         1512         0                           70                65           256.902           32288539093             0            N/A          100               5                 0                 0                 4.000             99.000            0                 0                 0                 0                           0                           0                           169275070878976             165672167722400             480               0.995        0.000        0.000        0.000        0.035        0.000        0.721        0.000        4663123                     3712113                     0                           0                           
GPU 0     1410         1512         0                           70                65           255.209           32288564788             0            N/A          100               5                 0                 0                 4.000             99.000            0                 0                 0                 0                           0                           0                           169275070878976             165672167722400             480               0.995        0.789        0.158        0.003        0.035        0.000        0.000        0.000        6339230                     4847492                     0                           0                           
GPU 0     1410         1512         0                           71                65           254.849           32288590610             0            N/A          100               5                 0                 0                 4.000             99.000            0                 0                 0                 0                           0                           0                           169275070878976             165672167722400             480               0.995        0.789        0.158        0.003        0.035        0.000        0.720        0.000        3942262                     3407193                     0                           0                           
GPU 0     1410         1512         0                           70                65           256.585           32288616321             0            N/A          100               5                 0                 0                 4.000             99.000            0                 0                 0                 0                           0                           0                           169275070878976             165672167722400             480               0.995        0.000        0.000        0.000        0.035        0.000        0.720        0.000        3984180                     3431619                     0                           0                           
GPU 0     1410         1512         0                           70                65           257.084           32288642050             0            N/A          100               5                 0                 0                 4.000             99.000            0                 0                 0                 0                           0                           0                           169275070878976             165672167722400             480               0.995        0.788        0.158        0.003        0.035        0.000        0.000        0.000        6388773                     4891068                     0                           0                           
GPU 0     1410         1512         0                           71                65           256.288           32288667885             0            N/A          100               5                 0                 0                 4.000             99.000            0                 0                 0                 0                           0                           0                           169275070878976             165672167722400             480               0.995        0.786        0.157        0.003        0.035        0.000        0.718        0.000        6217118                     4817847                     0                           0                           
GPU 0     1410         1512         0                           70                65           256.671           32288693522             0            N/A          100               5                 0                 0                 4.000             99.000            0                 0                 0                 0                           0                           0                           169275070878976             165672167722400             480               0.995        0.000        0.000        0.000        0.035        0.000        0.718        0.000        6925019                     5152842                     0                           0                           
GPU 0     1410         1512         0                           70                65           254.819           32288719402             0            N/A          100               5                 0                 0                 4.000             99.000            0                 0                 0                 0                           0                           0                           169275070878976             165672167722400             480               0.995        0.789        0.157        0.003        0.035        0.000        0.000        0.000        7648448                     5499045                     0                           0                           
GPU 0     1410         1512         0                           70                65           255.997           32288745144             0            N/A          100               5                 0                 0                 4.000             99.000            0                 0                 0                 0                           0                           0                           169275070878976             165672167722400             480               0.995        0.786        0.157        0.003        0.035        0.000        0.722        0.000        6930043                     5171496                     0                           0                           
#Entity   SMCLK        MMCLK        DVCCTR                      MMTMP             TMPTR        POWER             TOTEC                   PSTAT        FANSP        GPUTL             MCUTL             ECUTL             DCUTL             MUSAM             GUSAM             PVIOL             TVIOL             SBVIO             BLVIO                       LUVIO                       RVIOL                       TAPCV                       TAPBC                       FBUSD             GRACT        SMACT        SMOCC        TENSO        DRAMA        FP64A        FP32A        FP16A        PCITX                       PCIRX                       NVLTX                       NVLRX                       
ID                                                              C                  C            W                 mJ                                                                                                                                                                                                                                                                                                                                                                                                                                                                                                                                                                                                       
GPU 0     1410         1512         0                           71                65           257.260           32288770817             0            N/A          100               5                 0                 0                 4.000             99.000            0                 0                 0                 0                           0                           0                           169275070878976             165672167722400             480               0.995        0.000        0.000        0.000        0.035        0.000        0.723        0.000        3997556                     3445486                     0                           0                           
GPU 0     1410         1512         0                           71                65           256.207           32288796634             0            N/A          100               5                 0                 0                 4.000             99.000            0                 0                 0                 0                           0                           0                           169275070878976             165672167722400             480               0.995        0.788        0.158        0.003        0.035        0.000        0.000        0.000        3924361                     3405796                     0                           0                           
GPU 0     1410         1512         0                           71                65           255.305           32288822354             0            N/A          100               5                 0                 0                 4.000             99.000            0                 0                 0                 0                           0                           0                           169275070878976             165672167722400             480               0.995        0.788        0.158        0.003        0.035        0.000        0.000        0.000        3924361                     3405796                     0                           0                           
GPU 0     1410         1512         0                           70                65           254.739           32288848091             0            N/A          100               5                 0                 0                 4.000             99.000            0                 0                 0                 0                           0                           0                           169275070878976             165672167722400             480               0.994        0.787        0.157        0.003        0.035        0.000        0.718        0.000        3898791                     3388631                     0                           0                           
GPU 0     1410         1512         0                           71                65           255.323           32288873774             0            N/A          100               5                 0                 0                 4.000             99.000            0                 0                 0                 0                           0                           0                           169275070878976             165672167722400             480               0.995        0.000        0.000        0.000        0.035        0.000        0.721        0.000        3927160                     3391763                     0                           0                           
GPU 0     1410         1512         0                           71                65           256.793           32288899442             0            N/A          100               5                 0                 0                 4.000             99.000            0                 0                 0                 0                           0                           0                           169275070878976             165672167722400             480               0.995        0.785        0.157        0.003        0.035        0.000        0.000        0.000        4654952                     3745392                     0                           0                           
GPU 0     1410         1512         0                           70                65           255.098           32288925233             0            N/A          100               5                 0                 0                 4.000             99.000            0                 0                 0                 0                           0                           0                           169275070878976             165672167722400             480               0.995        0.785        0.156        0.003        0.035        0.000        0.718        0.000        4709261                     3777026                     0                           0                           
GPU 0     1410         1512         0                           71                65           254.244           32288951051             0            N/A          100               5                 0                 0                 4.000             99.000            0                 0                 0                 0                           0                           0                           169275070878976             165672167722400             480               0.995        0.000        0.000        0.000        0.035        0.000        0.721        0.000        5267625                     4019790                     0                           0                           
GPU 0     1410         1512         0                           71                65           254.854           32288976825             0            N/A          100               5                 0                 0                 4.000             99.000            0                 0                 0                 0                           0                           0                           169275070878976             165672167722400             480               0.995        0.790        0.158        0.003        0.035        0.000        0.000        0.000        5917070                     4329791                     0                           0                           
GPU 0     1410         1512         0                           70                65           255.708           32289002504             0            N/A          100               5                 0                 0                 4.000             99.000            0                 0                 0                 0                           0                           0                           169275070878976             165672167722400             480               0.995        0.788        0.157        0.003        0.035        0.000        0.718        0.000        5470121                     4140737                     0                           0                           
GPU 0     1410         1512         0                           70                66           255.905           32289028212             0            N/A          100               5                 0                 0                 4.000             99.000            0                 0                 0                 0                           0                           0                           169275070878976             165672167722400             480               0.995        0.000        0.000        0.000        0.035        0.000        0.721        0.000        4732320                     3770188                     0                           0                           
GPU 0     1410         1512         0                           70                65           254.854           32289053997             0            N/A          100               5                 0                 0                 4.000             99.000            0                 0                 0                 0                           0                           0                           169275070878976             165672167722400             480               0.995        0.785        0.157        0.003        0.035        0.000        0.000        0.000        4832765                     3828318                     0                           0                           
GPU 0     1410         1512         0                           70                65           255.425           32289079754             0            N/A          100               5                 0                 0                 4.000             99.000            0                 0                 0                 0                           0                           0                           169275070878976             165672167722400             480               0.995        0.790        0.158        0.003        0.035        0.000        0.723        0.000        4787729                     3779300                     0                           0                           
GPU 0     1410         1512         0                           71                66           256.682           32289105578             0            N/A          100               5                 0                 0                 4.000             99.000            0                 0                 0                 0                           0                           0                           169275070878976             165672167722400             480               0.995        0.000        0.000        0.000        0.035        0.000        0.720        0.000        4736243                     3797753                     0                           0                           
#Entity   SMCLK        MMCLK        DVCCTR                      MMTMP             TMPTR        POWER             TOTEC                   PSTAT        FANSP        GPUTL             MCUTL             ECUTL             DCUTL             MUSAM             GUSAM             PVIOL             TVIOL             SBVIO             BLVIO                       LUVIO                       RVIOL                       TAPCV                       TAPBC                       FBUSD             GRACT        SMACT        SMOCC        TENSO        DRAMA        FP64A        FP32A        FP16A        PCITX                       PCIRX                       NVLTX                       NVLRX                       
ID                                                              C                  C            W                 mJ                                                                                                                                                                                                                                                                                                                                                                                                                                                                                                                                                                                                       
GPU 0     1410         1512         0                           70                66           257.479           32289131292             0            N/A          100               5                 0                 0                 4.000             99.000            0                 0                 0                 0                           0                           0                           169275070878976             165672167722400             480               0.995        0.787        0.157        0.003        0.035        0.000        0.000        0.000        4819323                     3809767                     0                           0                           
GPU 0     1410         1512         0                           70                66           257.479           32289131292             0            N/A          100               5                 0                 0                 4.000             99.000            0                 0                 0                 0                           0                           0                           169275070878976             165672167722400             480               0.995        0.786        0.157        0.003        0.035        0.000        0.718        0.000        4814347                     3840120                     0                           0                           
GPU 0     1410         1512         0                           70                66           256.592           32289157042             0            N/A          100               5                 0                 0                 4.000             99.000            0                 0                 0                 0                           0                           0                           169275070878976             165672167722400             480               0.995        0.000        0.000        0.000        0.035        0.000        0.722        0.000        5406159                     4102027                     0                           0                           
GPU 0     1410         1512         0                           71                66           255.306           32289182933             0            N/A          100               5                 0                 0                 4.000             99.000            0                 0                 0                 0                           0                           0                           169275070878976             165672167722400             480               0.995        0.785        0.157        0.003        0.035        0.000        0.000        0.000        5422129                     4126481                     0                           0                           
GPU 0     1410         1512         0                           70                66           256.290           32289208726             0            N/A          100               5                 0                 0                 4.000             99.000            0                 0                 0                 0                           0                           0                           169275070878976             165672167722400             480               0.995        0.792        0.159        0.003        0.035        0.000        0.722        0.000        5198444                     3991669                     0                           0                           
GPU 0     1410         1512         0                           70                66           254.824           32289234351             0            N/A          100               5                 0                 0                 4.000             99.000            0                 0                 0                 0                           0                           0                           169275070878976             165672167722400             480               0.995        0.000        0.000        0.000        0.035        0.000        0.722        0.000        4758917                     3778508                     0                           0                           
GPU 0     1410         1512         0                           71                66           257.165           32289260112             0            N/A          100               5                 0                 0                 4.000             99.000            0                 0                 0                 0                           0                           0                           169275070878976             165672167722400             480               0.995        0.792        0.158        0.003        0.035        0.000        0.000        0.000        4754088                     3782352                     0                           0                           
GPU 0     1410         1512         0                           70                66           257.072           32289285982             0            N/A          100               5                 0                 0                 4.000             99.000            0                 0                 0                 0                           0                           0                           169275070878976             165672167722400             480               0.995        0.788        0.157        0.003        0.035        0.000        0.725        0.000        4869194                     3842993                     0                           0                           
GPU 0     1410         1512         0                           70                66           257.165           32289311692             0            N/A          100               5                 0                 0                 4.000             99.000            0                 0                 0                 0                           0                           0                           169275070878976             165672167722400             480               0.995        0.000        0.000        0.000        0.035        0.000        0.720        0.000        4768747                     3787980                     0                           0                           
GPU 0     1410         1512         0                           71                66           255.123           32289337399             0            N/A          100               5                 0                 0                 4.000             99.000            0                 0                 0                 0                           0                           0                           169275070878976             165672167722400             480               0.995        0.789        0.158        0.003        0.035        0.000        0.000        0.000        4741935                     3750466                     0                           0                           
GPU 0     1410         1512         0                           70                66           256.778           32289363394             0            N/A          100               5                 0                 0                 4.000             99.000            0                 0                 0                 0                           0                           0                           169275070878976             165672167722400             480               0.995        0.789        0.158        0.003        0.035        0.000        0.723        0.000        4816480                     3835854                     0                           0                           
GPU 0     1410         1512         0                           70                66           255.217           32289389049             0            N/A          100               5                 0                 0                 4.000             99.000            0                 0                 0                 0                           0                           0                           169275070878976             165672167722400             480               0.995        0.000        0.000        0.000        0.035        0.000        0.720        0.000        6418794                     4688902                     0                           0                           
GPU 0     1410         1512         0                           70                66           257.576           32289440604             0            N/A          100               5                 0                 0                 4.000             99.000            0                 0                 0                 0                           0                           0                           169275070878976             165672167722400             480               0.995        0.785        0.157        0.003        0.035        0.000        0.000        0.000        5386624                     4130050                     0                           0                           
GPU 0     1410         1512         0                           70                66           257.576           32289466179             0            N/A          100               5                 0                 0                 4.000             99.000            0                 0                 0                 0                           0                           0                           169275070878976             165672167722400             480               0.995        0.785        0.157        0.003        0.035        0.000        0.719        0.000        2758515                     2782985                     0                           0                           
#Entity   SMCLK        MMCLK        DVCCTR                      MMTMP             TMPTR        POWER             TOTEC                   PSTAT        FANSP        GPUTL             MCUTL             ECUTL             DCUTL             MUSAM             GUSAM             PVIOL             TVIOL             SBVIO             BLVIO                       LUVIO                       RVIOL                       TAPCV                       TAPBC                       FBUSD             GRACT        SMACT        SMOCC        TENSO        DRAMA        FP64A        FP32A        FP16A        PCITX                       PCIRX                       NVLTX                       NVLRX                       
ID                                                              C                  C            W                 mJ                                                                                                                                                                                                                                                                                                                                                                                                                                                                                                                                                                                                       
GPU 0     1410         1512         0                           70                66           254.931           32289491859             0            N/A          100               5                 0                 0                 4.000             99.000            0                 0                 0                 0                           0                           0                           169275070878976             165672167722400             480               0.995        0.000        0.000        0.000        0.035        0.000        0.719        0.000        2774999                     2799527                     0                           0                           
GPU 0     1410         1512         0                           70                66           256.284           32289517637             0            N/A          100               5                 0                 0                 4.000             99.000            0                 0                 0                 0                           0                           0                           169275070878976             165672167722400             480               0.995        0.791        0.158        0.003        0.035        0.000        0.000        0.000        2766308                     2774577                     0                           0                           
GPU 0     1410         1512         0                           70                66           256.195           32289543341             0            N/A          100               5                 0                 0                 4.000             99.000            0                 0                 0                 0                           0                           0                           169275070878976             165672167722400             480               0.995        0.785        0.157        0.003        0.035        0.000        0.718        0.000        2718063                     2775303                     0                           0                           
GPU 0     1410         1512         0                           70                66           255.766           32289569099             0            N/A          100               5                 0                 0                 4.000             99.000            0                 0                 0                 0                           0                           0                           169275070878976             165672167722400             480               0.995        0.000        0.000        0.000        0.035        0.000        0.718        0.000        2717721                     2766667                     0                           0                           
GPU 0     1410         1512         0                           70                66           255.614           32289594859             0            N/A          100               5                 0                 0                 4.000             99.000            0                 0                 0                 0                           0                           0                           169275070878976             165672167722400             480               0.995        0.785        0.157        0.003        0.035        0.000        0.000        0.000        3681548                     3260607                     0                           0                           
GPU 0     1410         1512         0                           70                66           257.360           32289620958             0            N/A          100               5                 0                 0                 4.000             99.000            0                 0                 0                 0                           0                           0                           169275070878976             165672167722400             480               0.995        0.787        0.157        0.003        0.035        0.000        0.721        0.000        5466687                     4252988                     0                           0                           
GPU 0     1410         1512         0                           70                66           257.165           32289646467             0            N/A          100               5                 0                 0                 4.000             99.000            0                 0                 0                 0                           0                           0                           169275070878976             165672167722400             480               0.995        0.000        0.000        0.000        0.035        0.000        0.720        0.000        4151476                     3299931                     0                           0                           
GPU 0     1410         1512         0                           70                66           254.839           32289672261             0            N/A          100               5                 0                 0                 4.000             99.000            0                 0                 0                 0                           0                           0                           169275070878976             165672167722400             480               0.995        0.794        0.159        0.003        0.035        0.000        0.000        0.000        3825892                     3148173                     0                           0                           
GPU 0     1410         1512         0                           70                66           255.612           32289698071             0            N/A          100               5                 0                 0                 4.000             99.000            0                 0                 0                 0                           0                           0                           169275070878976             165672167722400             480               0.995        0.788        0.158        0.003        0.035        0.000        0.725        0.000        3594069                     3045066                     0                           0                           
GPU 0     1410         1512         0                           70                66           257.465           32289723833             0            N/A          100               5                 0                 0                 4.000             99.000            0                 0                 0                 0                           0                           0                           169275070878976             165672167722400             480               0.995        0.000        0.000        0.000        0.035        0.000        0.724        0.000        3464131                     2956785                     0                           0                           
GPU 0     1410         1512         0                           70                66           257.275           32289749740             0            N/A          100               5                 0                 0                 4.000             99.000            0                 0                 0                 0                           0                           0                           169275070878976             165672167722400             480               0.995        0.785        0.157        0.003        0.035        0.000        0.000        0.000        3806371                     3158996                     0                           0                           
GPU 0     1410         1512         0                           70                66           257.260           32289775544             0            N/A          100               5                 0                 0                 4.000             99.000            0                 0                 0                 0                           0                           0                           169275070878976             165672167722400             480               0.995        0.787        0.157        0.003        0.035        0.000        0.725        0.000        3490402                     2973651                     0                           0                           
GPU 0     1410         1512         0                           70                66           256.879           32289801422             0            N/A          100               5                 0                 0                 4.000             99.000            0                 0                 0                 0                           0                           0                           169275070878976             165672167722400             480               0.995        0.000        0.000        0.000        0.035        0.000        0.724        0.000        3894435                     3359117                     0                           0                           
GPU 0     1410         1512         0                           70                66           255.906           32289826983             0            N/A          100               5                 0                 0                 4.000             99.000            0                 0                 0                 0                           0                           0                           169275070878976             165672167722400             480               0.995        0.785        0.156        0.003        0.035        0.000        0.000        0.000        3932707                     3425340                     0                           0                           
#Entity   SMCLK        MMCLK        DVCCTR                      MMTMP             TMPTR        POWER             TOTEC                   PSTAT        FANSP        GPUTL             MCUTL             ECUTL             DCUTL             MUSAM             GUSAM             PVIOL             TVIOL             SBVIO             BLVIO                       LUVIO                       RVIOL                       TAPCV                       TAPBC                       FBUSD             GRACT        SMACT        SMOCC        TENSO        DRAMA        FP64A        FP32A        FP16A        PCITX                       PCIRX                       NVLTX                       NVLRX                       
ID                                                              C                  C            W                 mJ                                                                                                                                                                                                                                                                                                                                                                                                                                                                                                                                                                                                       
GPU 0     1410         1512         0                           70                66           257.274           32289852791             0            N/A          100               5                 0                 0                 4.000             99.000            0                 0                 0                 0                           0                           0                           169275070878976             165672167722400             480               0.995        0.786        0.157        0.003        0.035        0.000        0.723        0.000        3959721                     3404586                     0                           0                           
GPU 0     1410         1512         0                           70                66           257.383           32289878665             0            N/A          100               5                 0                 0                 4.000             99.000            0                 0                 0                 0                           0                           0                           169275070878976             165672167722400             480               0.995        0.000        0.000        0.000        0.035        0.000        0.721        0.000        4581158                     3707627                     0                           0                           
GPU 0     1410         1512         0                           70                66           255.906           32289904266             0            N/A          100               5                 0                 0                 4.000             99.000            0                 0                 0                 0                           0                           0                           169275070878976             165672167722400             480               0.995        0.793        0.159        0.003        0.035        0.000        0.000        0.000        4145937                     3476571                     0                           0                           
GPU 0     1410         1512         0                           70                66           257.862           32289930047             0            N/A          100               5                 0                 0                 4.000             99.000            0                 0                 0                 0                           0                           0                           169275070878976             165672167722400             480               0.995        0.793        0.159        0.003        0.035        0.000        0.724        0.000        3926050                     3381058                     0                           0                           
GPU 0     1410         1512         0                           70                66           255.795           32289955794             0            N/A          100               5                 0                 0                 4.000             99.000            0                 0                 0                 0                           0                           0                           169275070878976             165672167722400             480               0.995        0.000        0.000        0.000        0.035        0.000        0.720        0.000        3900231                     3388559                     0                           0                           
GPU 0     1410         1512         0                           70                66           254.807           32289981565             0            N/A          100               5                 0                 0                 4.000             99.000            0                 0                 0                 0                           0                           0                           169275070878976             165672167722400             480               0.995        0.785        0.157        0.003        0.035        0.000        0.000        0.000        3891256                     3396471                     0                           0                           
GPU 0     1410         1512         0                           70                66           256.188           32290007306             0            N/A          100               5                 0                 0                 4.000             99.000            0                 0                 0                 0                           0                           0                           169275070878976             165672167722400             480               0.995        0.784        0.157        0.003        0.034        0.000        0.718        0.000        3935771                     3421129                     0                           0                           
GPU 0     1410         1512         0                           70                66           257.082           32290033074             0            N/A          100               5                 0                 0                 4.000             99.000            0                 0                 0                 0                           0                           0                           169275070878976             165672167722400             480               0.995        0.000        0.000        0.000        0.035        0.000        0.720        0.000        3870740                     3335874                     0                           0                           
