#Entity   SMCLK        MMCLK        DVCCTR                      MMTMP             TMPTR        POWER             TOTEC                   PSTAT        FANSP        GPUTL             MCUTL             ECUTL             DCUTL             MUSAM             GUSAM             PVIOL             TVIOL             SBVIO             BLVIO                       LUVIO                       RVIOL                       TAPCV                       TAPBC                       FBUSD             GRACT        SMACT        SMOCC        TENSO        DRAMA        FP64A        FP32A        FP16A        PCITX                       PCIRX                       NVLTX                       NVLRX                       
ID                                                              C                  C            W                 mJ                                                                                                                                                                                                                                                                                                                                                                                                                                                                                                                                                                                                       
GPU 0     1410         1512         0                           71                61           79.351            31741398374             0            N/A          0                 0                 0                 0                 3.000             87.000            0                 0                 0                 0                           0                           0                           169275070878976             165672167722400             480               1.000        1.000        0.171        0.004        0.047        0.000        0.000        0.000        77170418                    36441586                    0                           0                           
GPU 0     1410         1512         0                           71                64           251.602           31741413802             0            N/A          0                 0                 0                 0                 3.000             87.000            0                 0                 0                 0                           0                           0                           169275070878976             165672167722400             480               0.996        0.000        0.000        0.000        0.035        0.000        0.718        0.000        8469375                     6445431                     0                           0                           
GPU 0     1410         1512         0                           70                65           251.602           31741439591             0            N/A          74                3                 0                 0                 3.000             73.000            0                 0                 0                 0                           0                           0                           169275070878976             165672167722400             480               0.996        0.000        0.000        0.000        0.035        0.000        0.718        0.000        8469375                     6445431                     0                           0                           
GPU 0     1410         1512         0                           70                65           257.663           31741465548             0            N/A          74                3                 0                 0                 3.000             73.000            0                 0                 0                 0                           0                           0                           169275070878976             165672167722400             480               0.996        0.785        0.157        0.003        0.035        0.000        0.719        0.000        2195605                     2235618                     0                           0                           
GPU 0     1410         1512         0                           70                65           257.286           31741495284             0            N/A          100               5                 0                 0                 4.000             99.000            0                 0                 0                 0                           0                           0                           169275070878976             165672167722400             480               0.996        0.791        0.158        0.003        0.035        0.000        0.000        0.000        11397406                    7374100                     0                           0                           
GPU 0     1410         1512         0                           70                65           258.950           31741518174             0            N/A          100               5                 0                 0                 4.000             99.000            0                 0                 0                 0                           0                           0                           169275070878976             165672167722400             480               0.996        0.786        0.157        0.003        0.035        0.000        0.720        0.000        5459032                     4458133                     0                           0                           
GPU 0     1410         1512         0                           70                66           258.072           31741544340             0            N/A          100               5                 0                 0                 4.000             99.000            0                 0                 0                 0                           0                           0                           169275070878976             165672167722400             480               0.996        0.792        0.158        0.003        0.035        0.000        0.724        0.000        6198400                     4534916                     0                           0                           
GPU 0     1410         1512         0                           70                66           257.274           31741570174             0            N/A          100               5                 0                 0                 4.000             99.000            0                 0                 0                 0                           0                           0                           169275070878976             165672167722400             480               0.996        0.000        0.000        0.000        0.035        0.000        0.721        0.000        6618406                     5164484                     0                           0                           
GPU 0     1410         1512         0                           70                66           257.879           31741596149             0            N/A          100               5                 0                 0                 4.000             99.000            0                 0                 0                 0                           0                           0                           169275070878976             165672167722400             480               0.996        0.790        0.158        0.003        0.035        0.000        0.721        0.000        5562036                     4242331                     0                           0                           
GPU 0     1410         1512         0                           70                66           259.502           31741622250             0            N/A          100               5                 0                 0                 4.000             99.000            0                 0                 0                 0                           0                           0                           169275070878976             165672167722400             480               0.996        0.788        0.157        0.003        0.035        0.000        0.000        0.000        2931385                     2624981                     0                           0                           
GPU 0     1410         1512         0                           70                66           260.207           31741648254             0            N/A          100               5                 0                 0                 4.000             99.000            0                 0                 0                 0                           0                           0                           169275070878976             165672167722400             480               0.996        0.789        0.157        0.003        0.035        0.000        0.718        0.000        3566326                     2962337                     0                           0                           
GPU 0     1410         1512         0                           70                66           260.207           31741674642             0            N/A          100               5                 0                 0                 4.000             99.000            0                 0                 0                 0                           0                           0                           169275070878976             165672167722400             480               0.995        0.000        0.000        0.000        0.035        0.000        0.719        0.000        3019363                     2692886                     0                           0                           
GPU 0     1410         1512         0                           71                66           260.302           31741700672             0            N/A          100               5                 0                 0                 4.000             99.000            0                 0                 0                 0                           0                           0                           169275070878976             165672167722400             480               0.995        0.793        0.158        0.003        0.035        0.000        0.720        0.000        5961217                     4582272                     0                           0                           
GPU 0     1410         1512         0                           71                66           260.590           31741726755             0            N/A          100               5                 0                 0                 4.000             99.000            0                 0                 0                 0                           0                           0                           169275070878976             165672167722400             480               0.995        0.791        0.158        0.003        0.035        0.000        0.000        0.000        8970065                     6323211                     0                           0                           
GPU 0     1410         1512         0                           71                66           259.318           31741778568             0            N/A          100               5                 0                 0                 4.000             99.000            0                 0                 0                 0                           0                           0                           169275070878976             165672167722400             480               0.995        0.785        0.157        0.003        0.035        0.000        0.714        0.000        2110868                     2214164                     0                           0                           
#Entity   SMCLK        MMCLK        DVCCTR                      MMTMP             TMPTR        POWER             TOTEC                   PSTAT        FANSP        GPUTL             MCUTL             ECUTL             DCUTL             MUSAM             GUSAM             PVIOL             TVIOL             SBVIO             BLVIO                       LUVIO                       RVIOL                       TAPCV                       TAPBC                       FBUSD             GRACT        SMACT        SMOCC        TENSO        DRAMA        FP64A        FP32A        FP16A        PCITX                       PCIRX                       NVLTX                       NVLRX                       
ID                                                              C                  C            W                 mJ                                                                                                                                                                                                                                                                                                                                                                                                                                                                                                                                                                                                       
GPU 0     1410         1512         0                           71                66           257.686           31741804647             0            N/A          100               5                 0                 0                 4.000             99.000            0                 0                 0                 0                           0                           0                           169275070878976             165672167722400             480               0.995        0.792        0.159        0.003        0.035        0.000        0.724        0.000        8504164                     6202626                     0                           0                           
GPU 0     1410         1512         0                           71                66           260.700           31741830799             0            N/A          100               5                 0                 0                 4.000             99.000            0                 0                 0                 0                           0                           0                           169275070878976             165672167722400             480               0.995        0.792        0.159        0.003        0.035        0.000        0.724        0.000        8504164                     6202626                     0                           0                           
GPU 0     1410         1512         0                           70                66           260.014           31741856838             0            N/A          100               5                 0                 0                 4.000             99.000            0                 0                 0                 0                           0                           0                           169275070878976             165672167722400             480               0.995        0.785        0.157        0.003        0.035        0.000        0.725        0.000        4378850                     3844589                     0                           0                           
GPU 0     1410         1512         0                           71                66           258.462           31741882881             0            N/A          100               5                 0                 0                 4.000             99.000            0                 0                 0                 0                           0                           0                           169275070878976             165672167722400             480               0.995        0.000        0.000        0.000        0.035        0.000        0.722        0.000        3043065                     2956383                     0                           0                           
GPU 0     1410         1512         0                           71                66           260.316           31741908944             0            N/A          100               5                 0                 0                 4.000             99.000            0                 0                 0                 0                           0                           0                           169275070878976             165672167722400             480               0.995        0.788        0.158        0.003        0.035        0.000        0.000        0.000        5209626                     4330328                     0                           0                           
GPU 0     1410         1512         0                           71                66           258.453           31741935041             0            N/A          100               5                 0                 0                 4.000             99.000            0                 0                 0                 0                           0                           0                           169275070878976             165672167722400             480               0.995        0.789        0.158        0.003        0.035        0.000        0.723        0.000        5146126                     4294078                     0                           0                           
GPU 0     1410         1512         0                           71                66           258.260           31741961104             0            N/A          100               5                 0                 0                 4.000             99.000            0                 0                 0                 0                           0                           0                           169275070878976             165672167722400             480               0.995        0.000        0.000        0.000        0.035        0.000        0.723        0.000        5341090                     4401621                     0                           0                           
GPU 0     1410         1512         0                           71                66           260.105           31741987179             0            N/A          100               5                 0                 0                 4.000             99.000            0                 0                 0                 0                           0                           0                           169275070878976             165672167722400             480               0.995        0.785        0.157        0.003        0.035        0.000        0.000        0.000        5859178                     4429992                     0                           0                           
GPU 0     1410         1512         0                           71                66           260.878           31742013291             0            N/A          100               5                 0                 0                 4.000             99.000            0                 0                 0                 0                           0                           0                           169275070878976             165672167722400             480               0.995        0.790        0.158        0.003        0.035        0.000        0.721        0.000        7711918                     5794809                     0                           0                           
GPU 0     1410         1512         0                           71                66           259.511           31742039417             0            N/A          100               5                 0                 0                 4.000             99.000            0                 0                 0                 0                           0                           0                           169275070878976             165672167722400             480               0.995        0.785        0.157        0.003        0.035        0.000        0.723        0.000        5722726                     4702062                     0                           0                           
GPU 0     1410         1512         0                           71                66           258.661           31742065521             0            N/A          100               5                 0                 0                 4.000             99.000            0                 0                 0                 0                           0                           0                           169275070878976             165672167722400             480               0.995        0.788        0.158        0.003        0.035        0.000        0.721        0.000        3684397                     3185036                     0                           0                           
GPU 0     1410         1512         0                           71                66           258.943           31742091639             0            N/A          100               5                 0                 0                 4.000             99.000            0                 0                 0                 0                           0                           0                           169275070878976             165672167722400             480               0.995        0.000        0.000        0.000        0.035        0.000        0.718        0.000        6433637                     4866047                     0                           0                           
GPU 0     1410         1512         0                           71                66           261.093           31742117739             0            N/A          100               5                 0                 0                 4.000             99.000            0                 0                 0                 0                           0                           0                           169275070878976             165672167722400             480               0.995        0.790        0.159        0.003        0.035        0.000        0.723        0.000        4822206                     3931417                     0                           0                           
GPU 0     1410         1512         0                           71                66           259.807           31742143864             0            N/A          100               5                 0                 0                 4.000             99.000            0                 0                 0                 0                           0                           0                           169275070878976             165672167722400             480               0.995        0.788        0.158        0.003        0.035        0.000        0.000        0.000        7290217                     5425694                     0                           0                           
#Entity   SMCLK        MMCLK        DVCCTR                      MMTMP             TMPTR        POWER             TOTEC                   PSTAT        FANSP        GPUTL             MCUTL             ECUTL             DCUTL             MUSAM             GUSAM             PVIOL             TVIOL             SBVIO             BLVIO                       LUVIO                       RVIOL                       TAPCV                       TAPBC                       FBUSD             GRACT        SMACT        SMOCC        TENSO        DRAMA        FP64A        FP32A        FP16A        PCITX                       PCIRX                       NVLTX                       NVLRX                       
ID                                                              C                  C            W                 mJ                                                                                                                                                                                                                                                                                                                                                                                                                                                                                                                                                                                                       
GPU 0     1410         1512         0                           71                66           258.149           31742170066             0            N/A          100               5                 0                 0                 4.000             99.000            0                 0                 0                 0                           0                           0                           169275070878976             165672167722400             480               0.995        0.794        0.159        0.003        0.035        0.000        0.715        0.000        1944451                     2125922                     0                           0                           
GPU 0     1410         1512         0                           71                66           260.587           31742196213             0            N/A          100               5                 0                 0                 4.000             99.000            0                 0                 0                 0                           0                           0                           169275070878976             165672167722400             480               0.995        0.786        0.157        0.003        0.035        0.000        0.721        0.000        7719127                     5760888                     0                           0                           
GPU 0     1410         1512         0                           71                66           261.095           31742222320             0            N/A          100               5                 0                 0                 4.000             99.000            0                 0                 0                 0                           0                           0                           169275070878976             165672167722400             480               0.995        0.786        0.157        0.003        0.035        0.000        0.721        0.000        7719127                     5760888                     0                           0                           
GPU 0     1410         1512         0                           72                66           259.620           31742248375             0            N/A          100               5                 0                 0                 4.000             99.000            0                 0                 0                 0                           0                           0                           169275070878976             165672167722400             480               0.995        0.794        0.160        0.003        0.035        0.000        0.719        0.000        4764893                     3834621                     0                           0                           
GPU 0     1410         1512         0                           71                66           258.070           31742274510             0            N/A          100               5                 0                 0                 4.000             99.000            0                 0                 0                 0                           0                           0                           169275070878976             165672167722400             480               0.995        0.000        0.000        0.000        0.035        0.000        0.723        0.000        1273031                     1779007                     0                           0                           
GPU 0     1410         1512         0                           72                66           259.610           31742300632             0            N/A          100               5                 0                 0                 4.000             99.000            0                 0                 0                 0                           0                           0                           169275070878976             165672167722400             480               0.995        0.794        0.159        0.003        0.035        0.000        0.000        0.000        1256668                     1721819                     0                           0                           
GPU 0     1410         1512         0                           71                66           260.506           31742326743             0            N/A          100               5                 0                 0                 4.000             99.000            0                 0                 0                 0                           0                           0                           169275070878976             165672167722400             480               0.995        0.785        0.157        0.003        0.035        0.000        0.722        0.000        1289501                     1762879                     0                           0                           
GPU 0     1410         1512         0                           71                66           260.506           31742352895             0            N/A          100               5                 0                 0                 4.000             99.000            0                 0                 0                 0                           0                           0                           169275070878976             165672167722400             480               0.995        0.000        0.000        0.000        0.035        0.000        0.721        0.000        1256856                     1730164                     0                           0                           
GPU 0     1410         1512         0                           72                66           260.494           31742379049             0            N/A          100               5                 0                 0                 4.000             99.000            0                 0                 0                 0                           0                           0                           169275070878976             165672167722400             480               0.995        0.785        0.156        0.003        0.035        0.000        0.000        0.000        2751788                     2544021                     0                           0                           
GPU 0     1410         1512         0                           70                66           259.510           31742379049             0            N/A          100               5                 0                 0                 4.000             99.000            0                 0                 0                 0                           0                           0                           169275070878976             165672167722400             480               0.995        0.789        0.158        0.003        0.035        0.000        0.722        0.000        2060398                     2162546                     0                           0                           
GPU 0     1410         1512         0                           72                66           258.163           31742405176             0            N/A          100               5                 0                 0                 4.000             99.000            0                 0                 0                 0                           0                           0                           169275070878976             165672167722400             480               0.995        0.000        0.000        0.000        0.035        0.000        0.721        0.000        3722582                     3293026                     0                           0                           
GPU 0     1410         1512         0                           72                66           261.069           31742431291             0            N/A          100               5                 0                 0                 4.000             99.000            0                 0                 0                 0                           0                           0                           169275070878976             165672167722400             480               0.995        0.785        0.157        0.003        0.035        0.000        0.000        0.000        3797024                     3321492                     0                           0                           
GPU 0     1410         1512         0                           71                66           259.634           31742457390             0            N/A          100               5                 0                 0                 4.000             99.000            0                 0                 0                 0                           0                           0                           169275070878976             165672167722400             480               0.995        0.786        0.157        0.003        0.035        0.000        0.718        0.000        3796717                     3315207                     0                           0                           
GPU 0     1410         1512         0                           72                66           258.261           31742483578             0            N/A          100               5                 0                 0                 4.000             99.000            0                 0                 0                 0                           0                           0                           169275070878976             165672167722400             480               0.995        0.000        0.000        0.000        0.035        0.000        0.718        0.000        4319434                     3585931                     0                           0                           
#Entity   SMCLK        MMCLK        DVCCTR                      MMTMP             TMPTR        POWER             TOTEC                   PSTAT        FANSP        GPUTL             MCUTL             ECUTL             DCUTL             MUSAM             GUSAM             PVIOL             TVIOL             SBVIO             BLVIO                       LUVIO                       RVIOL                       TAPCV                       TAPBC                       FBUSD             GRACT        SMACT        SMOCC        TENSO        DRAMA        FP64A        FP32A        FP16A        PCITX                       PCIRX                       NVLTX                       NVLRX                       
ID                                                              C                  C            W                 mJ                                                                                                                                                                                                                                                                                                                                                                                                                                                                                                                                                                                                       
GPU 0     1410         1512         0                           72                66           260.008           31742509765             0            N/A          100               5                 0                 0                 4.000             99.000            0                 0                 0                 0                           0                           0                           169275070878976             165672167722400             480               0.995        0.785        0.157        0.003        0.035        0.000        0.000        0.000        4263769                     3571516                     0                           0                           
GPU 0     1410         1512         0                           72                66           261.191           31742535758             0            N/A          100               5                 0                 0                 4.000             99.000            0                 0                 0                 0                           0                           0                           169275070878976             165672167722400             480               0.995        0.788        0.158        0.003        0.035        0.000        0.719        0.000        4703868                     3742380                     0                           0                           
GPU 0     1410         1512         0                           72                66           260.111           31742561921             0            N/A          100               5                 0                 0                 4.000             99.000            0                 0                 0                 0                           0                           0                           169275070878976             165672167722400             480               0.995        0.000        0.000        0.000        0.035        0.000        0.723        0.000        4580243                     3731824                     0                           0                           
GPU 0     1410         1512         0                           72                66           259.140           31742588069             0            N/A          100               5                 0                 0                 4.000             99.000            0                 0                 0                 0                           0                           0                           169275070878976             165672167722400             480               0.995        0.786        0.156        0.003        0.035        0.000        0.000        0.000        2726022                     2742171                     0                           0                           
GPU 0     1410         1512         0                           71                66           259.422           31742614215             0            N/A          100               5                 0                 0                 4.000             99.000            0                 0                 0                 0                           0                           0                           169275070878976             165672167722400             480               0.995        0.792        0.159        0.003        0.035        0.000        0.722        0.000        2717820                     2725838                     0                           0                           
GPU 0     1410         1512         0                           72                66           261.081           31742640340             0            N/A          100               5                 0                 0                 4.000             99.000            0                 0                 0                 0                           0                           0                           169275070878976             165672167722400             480               0.995        0.000        0.000        0.000        0.035        0.000        0.718        0.000        2742476                     2783158                     0                           0                           
GPU 0     1410         1512         0                           72                66           260.672           31742666511             0            N/A          100               5                 0                 0                 4.000             99.000            0                 0                 0                 0                           0                           0                           169275070878976             165672167722400             480               0.995        0.792        0.159        0.003        0.035        0.000        0.000        0.000        2733993                     2774638                     0                           0                           
GPU 0     1410         1512         0                           72                66           259.038           31742692631             0            N/A          100               5                 0                 0                 4.000             99.000            0                 0                 0                 0                           0                           0                           169275070878976             165672167722400             480               0.995        0.790        0.158        0.003        0.035        0.000        0.724        0.000        2709726                     2742223                     0                           0                           
GPU 0     1410         1512         0                           72                66           260.405           31742718769             0            N/A          100               5                 0                 0                 4.000             99.000            0                 0                 0                 0                           0                           0                           169275070878976             165672167722400             480               0.995        0.000        0.000        0.000        0.035        0.000        0.721        0.000        4516812                     3948768                     0                           0                           
GPU 0     1410         1512         0                           72                66           261.577           31742745021             0            N/A          100               5                 0                 0                 4.000             99.000            0                 0                 0                 0                           0                           0                           169275070878976             165672167722400             480               0.995        0.790        0.158        0.003        0.035        0.000        0.000        0.000        4625227                     3995315                     0                           0                           
GPU 0     1410         1512         0                           72                66           260.207           31742771136             0            N/A          100               5                 0                 0                 4.000             99.000            0                 0                 0                 0                           0                           0                           169275070878976             165672167722400             480               0.995        0.789        0.158        0.003        0.035        0.000        0.723        0.000        8239072                     5954764                     0                           0                           
GPU 0     1410         1512         0                           72                66           259.613           31742797403             0            N/A          100               5                 0                 0                 4.000             99.000            0                 0                 0                 0                           0                           0                           169275070878976             165672167722400             480               0.995        0.790        0.158        0.003        0.035        0.000        0.718        0.000        5019948                     4029014                     0                           0                           
GPU 0     1410         1512         0                           72                66           259.442           31742849575             0            N/A          100               5                 0                 0                 4.000             99.000            0                 0                 0                 0                           0                           0                           169275070878976             165672167722400             480               0.995        0.788        0.157        0.003        0.035        0.000        0.722        0.000        9077914                     6274202                     0                           0                           
GPU 0     1410         1512         0                           72                66           260.985           31742875723             0            N/A          100               5                 0                 0                 4.000             99.000            0                 0                 0                 0                           0                           0                           169275070878976             165672167722400             480               0.995        0.000        0.000        0.000        0.035        0.000        0.718        0.000        6441884                     4923556                     0                           0                           
#Entity   SMCLK        MMCLK        DVCCTR                      MMTMP             TMPTR        POWER             TOTEC                   PSTAT        FANSP        GPUTL             MCUTL             ECUTL             DCUTL             MUSAM             GUSAM             PVIOL             TVIOL             SBVIO             BLVIO                       LUVIO                       RVIOL                       TAPCV                       TAPBC                       FBUSD             GRACT        SMACT        SMOCC        TENSO        DRAMA        FP64A        FP32A        FP16A        PCITX                       PCIRX                       NVLTX                       NVLRX                       
ID                                                              C                  C            W                 mJ                                                                                                                                                                                                                                                                                                                                                                                                                                                                                                                                                                                                       
GPU 0     1410         1512         0                           72                66           261.274           31742901849             0            N/A          100               5                 0                 0                 4.000             99.000            0                 0                 0                 0                           0                           0                           169275070878976             165672167722400             480               0.995        0.792        0.158        0.003        0.035        0.000        0.723        0.000        2214274                     2321949                     0                           0                           
GPU 0     1410         1512         0                           71                67           259.427           31742928012             0            N/A          100               5                 0                 0                 4.000             99.000            0                 0                 0                 0                           0                           0                           169275070878976             165672167722400             480               0.995        0.792        0.159        0.003        0.035        0.000        0.000        0.000        9336902                     6674033                     0                           0                           
GPU 0     1410         1512         0                           72                67           258.263           31742954116             0            N/A          100               5                 0                 0                 4.000             99.000            0                 0                 0                 0                           0                           0                           169275070878976             165672167722400             480               0.995        0.792        0.159        0.003        0.035        0.000        0.000        0.000        9336902                     6674033                     0                           0                           
GPU 0     1410         1512         0                           72                67           261.191           31742980205             0            N/A          100               5                 0                 0                 4.000             99.000            0                 0                 0                 0                           0                           0                           169275070878976             165672167722400             480               0.995        0.794        0.159        0.003        0.035        0.000        0.725        0.000        4117621                     3606446                     0                           0                           
GPU 0     1410         1512         0                           72                67           260.125           31743006310             0            N/A          100               5                 0                 0                 4.000             99.000            0                 0                 0                 0                           0                           0                           169275070878976             165672167722400             480               0.995        0.794        0.159        0.003        0.035        0.000        0.719        0.000        6895942                     5133336                     0                           0                           
GPU 0     1410         1512         0                           72                67           258.660           31743032468             0            N/A          100               5                 0                 0                 4.000             99.000            0                 0                 0                 0                           0                           0                           169275070878976             165672167722400             480               0.995        0.784        0.157        0.003        0.035        0.000        0.721        0.000        5202833                     4202674                     0                           0                           
GPU 0     1410         1512         0                           72                67           259.146           31743058614             0            N/A          100               5                 0                 0                 4.000             99.000            0                 0                 0                 0                           0                           0                           169275070878976             165672167722400             480               0.995        0.000        0.000        0.000        0.035        0.000        0.724        0.000        2725832                     2725863                     0                           0                           
GPU 0     1410         1512         0                           72                67           260.781           31743084745             0            N/A          100               5                 0                 0                 4.000             99.000            0                 0                 0                 0                           0                           0                           169275070878976             165672167722400             480               0.995        0.794        0.159        0.003        0.035        0.000        0.000        0.000        2725326                     2757899                     0                           0                           
GPU 0     1410         1512         0                           72                66           260.973           31743110860             0            N/A          100               5                 0                 0                 4.000             99.000            0                 0                 0                 0                           0                           0                           169275070878976             165672167722400             480               0.995        0.793        0.159        0.003        0.035        0.000        0.721        0.000        2912913                     2836101                     0                           0                           
GPU 0     1410         1512         0                           70                67           258.149           31743136987             0            N/A          100               5                 0                 0                 4.000             99.000            0                 0                 0                 0                           0                           0                           169275070878976             165672167722400             480               0.995        0.000        0.000        0.000        0.035        0.000        0.726        0.000        4519821                     3955285                     0                           0                           
GPU 0     1410         1512         0                           71                67           260.888           31743163139             0            N/A          100               5                 0                 0                 4.000             99.000            0                 0                 0                 0                           0                           0                           169275070878976             165672167722400             480               0.995        0.789        0.158        0.003        0.035        0.000        0.000        0.000        4519963                     3947220                     0                           0                           
GPU 0     1410         1512         0                           72                67           261.094           31743189371             0            N/A          100               5                 0                 0                 4.000             99.000            0                 0                 0                 0                           0                           0                           169275070878976             165672167722400             480               0.995        0.785        0.157        0.003        0.035        0.000        0.725        0.000        4527280                     3979141                     0                           0                           
GPU 0     1410         1512         0                           72                67           259.538           31743215530             0            N/A          100               5                 0                 0                 4.000             99.000            0                 0                 0                 0                           0                           0                           169275070878976             165672167722400             480               0.995        0.000        0.000        0.000        0.035        0.000        0.722        0.000        4583619                     3975080                     0                           0                           
GPU 0     1410         1512         0                           72                67           258.727           31743241652             0            N/A          100               5                 0                 0                 4.000             99.000            0                 0                 0                 0                           0                           0                           169275070878976             165672167722400             480               0.995        0.790        0.158        0.003        0.035        0.000        0.000        0.000        2685465                     2709956                     0                           0                           
#Entity   SMCLK        MMCLK        DVCCTR                      MMTMP             TMPTR        POWER             TOTEC                   PSTAT        FANSP        GPUTL             MCUTL             ECUTL             DCUTL             MUSAM             GUSAM             PVIOL             TVIOL             SBVIO             BLVIO                       LUVIO                       RVIOL                       TAPCV                       TAPBC                       FBUSD             GRACT        SMACT        SMOCC        TENSO        DRAMA        FP64A        FP32A        FP16A        PCITX                       PCIRX                       NVLTX                       NVLRX                       
ID                                                              C                  C            W                 mJ                                                                                                                                                                                                                                                                                                                                                                                                                                                                                                                                                                                                       
GPU 0     1410         1512         0                           72                67           259.900           31743267798             0            N/A          100               5                 0                 0                 4.000             99.000            0                 0                 0                 0                           0                           0                           169275070878976             165672167722400             480               0.995        0.785        0.157        0.003        0.035        0.000        0.718        0.000        2709838                     2750643                     0                           0                           
GPU 0     1410         1512         0                           72                67           260.890           31743293935             0            N/A          100               5                 0                 0                 4.000             99.000            0                 0                 0                 0                           0                           0                           169275070878976             165672167722400             480               0.995        0.000        0.000        0.000        0.035        0.000        0.718        0.000        2717806                     2774932                     0                           0                           
GPU 0     1410         1512         0                           72                67           261.070           31743320035             0            N/A          100               5                 0                 0                 4.000             99.000            0                 0                 0                 0                           0                           0                           169275070878976             165672167722400             480               0.995        0.785        0.157        0.003        0.035        0.000        0.000        0.000        2693441                     2742400                     0                           0                           
GPU 0     1410         1512         0                           72                67           258.246           31743346173             0            N/A          100               5                 0                 0                 4.000             99.000            0                 0                 0                 0                           0                           0                           169275070878976             165672167722400             480               0.995        0.790        0.158        0.003        0.035        0.000        0.720        0.000        2701750                     2742533                     0                           0                           
GPU 0     1410         1512         0                           72                67           261.170           31743372260             0            N/A          100               5                 0                 0                 4.000             99.000            0                 0                 0                 0                           0                           0                           169275070878976             165672167722400             480               0.995        0.000        0.000        0.000        0.035        0.000        0.719        0.000        2081632                     2153445                     0                           0                           
GPU 0     1410         1512         0                           72                67           261.081           31743398429             0            N/A          100               5                 0                 0                 4.000             99.000            0                 0                 0                 0                           0                           0                           169275070878976             165672167722400             480               0.995        0.787        0.157        0.003        0.035        0.000        0.000        0.000        2619178                     2485421                     0                           0                           
GPU 0     1410         1512         0                           72                67           259.127           31743424485             0            N/A          100               5                 0                 0                 4.000             99.000            0                 0                 0                 0                           0                           0                           169275070878976             165672167722400             480               0.995        0.789        0.158        0.003        0.035        0.000        0.717        0.000        3052204                     2692867                     0                           0                           
GPU 0     1410         1512         0                           72                67           261.371           31743450605             0            N/A          100               5                 0                 0                 4.000             99.000            0                 0                 0                 0                           0                           0                           169275070878976             165672167722400             480               0.995        0.000        0.000        0.000        0.035        0.000        0.724        0.000        2551305                     2406445                     0                           0                           
GPU 0     1410         1512         0                           72                67           259.523           31743476723             0            N/A          100               5                 0                 0                 4.000             99.000            0                 0                 0                 0                           0                           0                           169275070878976             165672167722400             480               0.995        0.792        0.159        0.003        0.035        0.000        0.000        0.000        2578522                     2460656                     0                           0                           
GPU 0     1410         1512         0                           72                67           258.455           31743502831             0            N/A          100               5                 0                 0                 4.000             99.000            0                 0                 0                 0                           0                           0                           169275070878976             165672167722400             480               0.995        0.792        0.158        0.003        0.035        0.000        0.721        0.000        2587813                     2432911                     0                           0                           
GPU 0     1410         1512         0                           72                67           258.455           31743528978             0            N/A          100               5                 0                 0                 4.000             99.000            0                 0                 0                 0                           0                           0                           169275070878976             165672167722400             480               0.995        0.000        0.000        0.000        0.035        0.000        0.722        0.000        3427883                     2867316                     0                           0                           
GPU 0     1410         1512         0                           72                67           261.778           31743555112             0            N/A          100               5                 0                 0                 4.000             99.000            0                 0                 0                 0                           0                           0                           169275070878976             165672167722400             480               0.995        0.791        0.158        0.003        0.035        0.000        0.000        0.000        3381775                     2835780                     0                           0                           
GPU 0     1410         1512         0                           72                67           259.811           31743555112             0            N/A          100               5                 0                 0                 4.000             99.000            0                 0                 0                 0                           0                           0                           169275070878976             165672167722400             480               0.995        0.793        0.159        0.003        0.035        0.000        0.725        0.000        2544950                     2423512                     0                           0                           
GPU 0     1410         1512         0                           72                67           258.755           31743581204             0            N/A          100               5                 0                 0                 4.000             99.000            0                 0                 0                 0                           0                           0                           169275070878976             165672167722400             480               0.995        0.000        0.000        0.000        0.035        0.000        0.721        0.000        2523173                     2409008                     0                           0                           
#Entity   SMCLK        MMCLK        DVCCTR                      MMTMP             TMPTR        POWER             TOTEC                   PSTAT        FANSP        GPUTL             MCUTL             ECUTL             DCUTL             MUSAM             GUSAM             PVIOL             TVIOL             SBVIO             BLVIO                       LUVIO                       RVIOL                       TAPCV                       TAPBC                       FBUSD             GRACT        SMACT        SMOCC        TENSO        DRAMA        FP64A        FP32A        FP16A        PCITX                       PCIRX                       NVLTX                       NVLRX                       
ID                                                              C                  C            W                 mJ                                                                                                                                                                                                                                                                                                                                                                                                                                                                                                                                                                                                       
GPU 0     1410         1512         0                           72                67           259.900           31743607321             0            N/A          100               5                 0                 0                 4.000             99.000            0                 0                 0                 0                           0                           0                           169275070878976             165672167722400             480               0.995        0.788        0.157        0.003        0.035        0.000        0.000        0.000        3291459                     2798527                     0                           0                           
GPU 0     1410         1512         0                           72                67           261.177           31743633529             0            N/A          100               5                 0                 0                 4.000             99.000            0                 0                 0                 0                           0                           0                           169275070878976             165672167722400             480               0.995        0.787        0.157        0.003        0.035        0.000        0.724        0.000        2056400                     2115076                     0                           0                           
GPU 0     1410         1512         0                           72                67           260.383           31743659730             0            N/A          100               5                 0                 0                 4.000             99.000            0                 0                 0                 0                           0                           0                           169275070878976             165672167722400             480               0.995        0.000        0.000        0.000        0.035        0.000        0.721        0.000        2087156                     2154137                     0                           0                           
GPU 0     1410         1512         0                           72                67           259.921           31743686031             0            N/A          100               5                 0                 0                 4.000             99.000            0                 0                 0                 0                           0                           0                           169275070878976             165672167722400             480               0.995        0.787        0.158        0.003        0.035        0.000        0.000        0.000        2074830                     2165412                     0                           0                           
GPU 0     1410         1512         0                           72                67           260.988           31743712005             0            N/A          100               5                 0                 0                 4.000             99.000            0                 0                 0                 0                           0                           0                           169275070878976             165672167722400             480               0.995        0.785        0.157        0.003        0.035        0.000        0.717        0.000        3960079                     3378362                     0                           0                           
GPU 0     1410         1512         0                           72                67           261.862           31743738208             0            N/A          100               5                 0                 0                 4.000             99.000            0                 0                 0                 0                           0                           0                           169275070878976             165672167722400             480               0.995        0.000        0.000        0.000        0.035        0.000        0.720        0.000        4008553                     3400240                     0                           0                           
GPU 0     1410         1512         0                           72                67           260.004           31743764359             0            N/A          100               5                 0                 0                 4.000             99.000            0                 0                 0                 0                           0                           0                           169275070878976             165672167722400             480               0.995        0.790        0.158        0.003        0.035        0.000        0.000        0.000        4508085                     3695308                     0                           0                           
GPU 0     1410         1512         0                           72                67           258.761           31743790461             0            N/A          100               5                 0                 0                 4.000             99.000            0                 0                 0                 0                           0                           0                           169275070878976             165672167722400             480               0.995        0.785        0.157        0.003        0.035        0.000        0.722        0.000        2573705                     2442839                     0                           0                           
GPU 0     1410         1512         0                           72                67           260.392           31743816672             0            N/A          100               5                 0                 0                 4.000             99.000            0                 0                 0                 0                           0                           0                           169275070878976             165672167722400             480               0.995        0.000        0.000        0.000        0.035        0.000        0.723        0.000        2604736                     2471914                     0                           0                           
GPU 0     1410         1512         0                           72                67           261.081           31743842789             0            N/A          100               5                 0                 0                 4.000             99.000            0                 0                 0                 0                           0                           0                           169275070878976             165672167722400             480               0.995        0.793        0.159        0.003        0.035        0.000        0.000        0.000        3223279                     2748296                     0                           0                           
GPU 0     1410         1512         0                           72                67           258.837           31743868941             0            N/A          100               5                 0                 0                 4.000             99.000            0                 0                 0                 0                           0                           0                           169275070878976             165672167722400             480               0.995        0.794        0.159        0.003        0.035        0.000        0.724        0.000        2758453                     2538175                     0                           0                           
GPU 0     1410         1512         0                           72                67           260.105           31743895068             0            N/A          100               5                 0                 0                 4.000             99.000            0                 0                 0                 0                           0                           0                           169275070878976             165672167722400             480               0.995        0.000        0.000        0.000        0.035        0.000        0.725        0.000        2520092                     2430839                     0                           0                           
GPU 0     1410         1512         0                           72                67           260.985           31743947319             0            N/A          100               5                 0                 0                 4.000             99.000            0                 0                 0                 0                           0                           0                           169275070878976             165672167722400             480               0.995        0.000        0.000        0.000        0.035        0.000        0.725        0.000        2520092                     2430839                     0                           0                           
GPU 0     1410         1512         0                           72                67           261.069           31743973495             0            N/A          100               5                 0                 0                 4.000             99.000            0                 0                 0                 0                           0                           0                           169275070878976             165672167722400             480               0.995        0.789        0.158        0.003        0.035        0.000        0.000        0.000        3223402                     2757437                     0                           0                           
#Entity   SMCLK        MMCLK        DVCCTR                      MMTMP             TMPTR        POWER             TOTEC                   PSTAT        FANSP        GPUTL             MCUTL             ECUTL             DCUTL             MUSAM             GUSAM             PVIOL             TVIOL             SBVIO             BLVIO                       LUVIO                       RVIOL                       TAPCV                       TAPBC                       FBUSD             GRACT        SMACT        SMOCC        TENSO        DRAMA        FP64A        FP32A        FP16A        PCITX                       PCIRX                       NVLTX                       NVLRX                       
ID                                                              C                  C            W                 mJ                                                                                                                                                                                                                                                                                                                                                                                                                                                                                                                                                                                                       
GPU 0     1410         1512         0                           72                67           258.824           31743999672             0            N/A          100               5                 0                 0                 4.000             99.000            0                 0                 0                 0                           0                           0                           169275070878976             165672167722400             480               0.995        0.794        0.159        0.003        0.035        0.000        0.722        0.000        2511465                     2414085                     0                           0                           
GPU 0     1410         1512         0                           72                67           259.538           31744025858             0            N/A          100               5                 0                 0                 4.000             99.000            0                 0                 0                 0                           0                           0                           169275070878976             165672167722400             480               0.995        0.000        0.000        0.000        0.035        0.000        0.718        0.000        2571990                     2457572                     0                           0                           
GPU 0     1410         1512         0                           72                67           261.563           31744052046             0            N/A          100               5                 0                 0                 4.000             99.000            0                 0                 0                 0                           0                           0                           169275070878976             165672167722400             480               0.995        0.787        0.157        0.003        0.035        0.000        0.000        0.000        2521587                     2433590                     0                           0                           
GPU 0     1410         1512         0                           72                67           260.508           31744078217             0            N/A          100               5                 0                 0                 4.000             99.000            0                 0                 0                 0                           0                           0                           169275070878976             165672167722400             480               0.995        0.792        0.159        0.003        0.035        0.000        0.718        0.000        2044540                     2127586                     0                           0                           
GPU 0     1410         1512         0                           72                67           258.563           31744104380             0            N/A          100               5                 0                 0                 4.000             99.000            0                 0                 0                 0                           0                           0                           169275070878976             165672167722400             480               0.995        0.000        0.000        0.000        0.035        0.000        0.718        0.000        2720869                     2467208                     0                           0                           
GPU 0     1410         1512         0                           72                67           260.103           31744130629             0            N/A          100               5                 0                 0                 4.000             99.000            0                 0                 0                 0                           0                           0                           169275070878976             165672167722400             480               0.995        0.788        0.157        0.003        0.035        0.000        0.000        0.000        2061671                     2179688                     0                           0                           
GPU 0     1410         1512         0                           72                67           259.698           31744156700             0            N/A          100               5                 0                 0                 4.000             99.000            0                 0                 0                 0                           0                           0                           169275070878976             165672167722400             480               0.995        0.786        0.157        0.003        0.035        0.000        0.722        0.000        2071902                     2145630                     0                           0                           
GPU 0     1410         1512         0                           72                67           260.105           31744182810             0            N/A          100               5                 0                 0                 4.000             99.000            0                 0                 0                 0                           0                           0                           169275070878976             165672167722400             480               0.995        0.000        0.000        0.000        0.035        0.000        0.726        0.000        3984614                     3372219                     0                           0                           
GPU 0     1410         1512         0                           72                67           261.779           31744209004             0            N/A          100               5                 0                 0                 4.000             99.000            0                 0                 0                 0                           0                           0                           169275070878976             165672167722400             480               0.995        0.791        0.158        0.003        0.035        0.000        0.000        0.000        2088191                     2161896                     0                           0                           
GPU 0     1410         1512         0                           72                67           260.974           31744235139             0            N/A          100               5                 0                 0                 4.000             99.000            0                 0                 0                 0                           0                           0                           169275070878976             165672167722400             480               0.995        0.792        0.159        0.003        0.035        0.000        0.718        0.000        2324072                     2309190                     0                           0                           
GPU 0     1410         1512         0                           72                67           260.114           31744261292             0            N/A          100               5                 0                 0                 4.000             99.000            0                 0                 0                 0                           0                           0                           169275070878976             165672167722400             480               0.995        0.000        0.000        0.000        0.035        0.000        0.724        0.000        4019408                     3413098                     0                           0                           
GPU 0     1410         1512         0                           72                67           261.575           31744287394             0            N/A          100               5                 0                 0                 4.000             99.000            0                 0                 0                 0                           0                           0                           169275070878976             165672167722400             480               0.995        0.789        0.158        0.003        0.035        0.000        0.000        0.000        3725725                     3290895                     0                           0                           
GPU 0     1410         1512         0                           72                67           261.262           31744313626             0            N/A          100               5                 0                 0                 4.000             99.000            0                 0                 0                 0                           0                           0                           169275070878976             165672167722400             480               0.995        0.787        0.157        0.003        0.035        0.000        0.718        0.000        2708492                     2733207                     0                           0                           
GPU 0     1410         1512         0                           72                67           260.029           31744339786             0            N/A          100               5                 0                 0                 4.000             99.000            0                 0                 0                 0                           0                           0                           169275070878976             165672167722400             480               0.995        0.000        0.000        0.000        0.035        0.000        0.720        0.000        2700607                     2741599                     0                           0                           
#Entity   SMCLK        MMCLK        DVCCTR                      MMTMP             TMPTR        POWER             TOTEC                   PSTAT        FANSP        GPUTL             MCUTL             ECUTL             DCUTL             MUSAM             GUSAM             PVIOL             TVIOL             SBVIO             BLVIO                       LUVIO                       RVIOL                       TAPCV                       TAPBC                       FBUSD             GRACT        SMACT        SMOCC        TENSO        DRAMA        FP64A        FP32A        FP16A        PCITX                       PCIRX                       NVLTX                       NVLRX                       
ID                                                              C                  C            W                 mJ                                                                                                                                                                                                                                                                                                                                                                                                                                                                                                                                                                                                       
GPU 0     1410         1512         0                           72                67           259.244           31744365979             0            N/A          100               5                 0                 0                 4.000             99.000            0                 0                 0                 0                           0                           0                           169275070878976             165672167722400             480               0.995        0.788        0.158        0.003        0.035        0.000        0.000        0.000        2749314                     2757695                     0                           0                           
GPU 0     1410         1512         0                           72                67           260.693           31744392157             0            N/A          100               5                 0                 0                 4.000             99.000            0                 0                 0                 0                           0                           0                           169275070878976             165672167722400             480               0.995        0.785        0.157        0.003        0.035        0.000        0.725        0.000        2732861                     2782092                     0                           0                           
GPU 0     1410         1512         0                           72                67           261.370           31744418397             0            N/A          100               5                 0                 0                 4.000             99.000            0                 0                 0                 0                           0                           0                           169275070878976             165672167722400             480               0.995        0.000        0.000        0.000        0.035        0.000        0.720        0.000        2708716                     2749762                     0                           0                           
GPU 0     1410         1512         0                           72                67           259.232           31744444489             0            N/A          100               5                 0                 0                 4.000             99.000            0                 0                 0                 0                           0                           0                           169275070878976             165672167722400             480               0.995        0.793        0.159        0.003        0.035        0.000        0.000        0.000        2716723                     2717022                     0                           0                           
GPU 0     1410         1512         0                           72                67           260.392           31744470675             0            N/A          100               5                 0                 0                 4.000             99.000            0                 0                 0                 0                           0                           0                           169275070878976             165672167722400             480               0.995        0.785        0.157        0.003        0.035        0.000        0.722        0.000        2708812                     2757920                     0                           0                           
GPU 0     1410         1512         0                           72                67           261.864           31744496816             0            N/A          100               5                 0                 0                 4.000             99.000            0                 0                 0                 0                           0                           0                           169275070878976             165672167722400             480               0.995        0.000        0.000        0.000        0.035        0.000        0.724        0.000        2667878                     2733355                     0                           0                           
GPU 0     1410         1512         0                           72                67           260.507           31744522993             0            N/A          100               5                 0                 0                 4.000             99.000            0                 0                 0                 0                           0                           0                           169275070878976             165672167722400             480               0.995        0.790        0.158        0.003        0.035        0.000        0.000        0.000        2659518                     2741388                     0                           0                           
GPU 0     1410         1512         0                           72                67           258.734           31744549127             0            N/A          100               5                 0                 0                 4.000             99.000            0                 0                 0                 0                           0                           0                           169275070878976             165672167722400             480               0.995        0.785        0.157        0.003        0.035        0.000        0.722        0.000        2001362                     2135553                     0                           0                           
