#Entity   SMCLK        MMCLK        DVCCTR                      MMTMP             TMPTR        POWER             TOTEC                   PSTAT        FANSP        GPUTL             MCUTL             ECUTL             DCUTL             MUSAM             GUSAM             PVIOL             TVIOL             SBVIO             BLVIO                       LUVIO                       RVIOL                       TAPCV                       TAPBC                       FBUSD             GRACT        SMACT        SMOCC        TENSO        DRAMA        FP64A        FP32A        FP16A        PCITX                       PCIRX                       NVLTX                       NVLRX                       
ID                                                              C                  C            W                 mJ                                                                                                                                                                                                                                                                                                                                                                                                                                                                                                                                                                                                       
GPU 0     1410         1512         0                           73                65           82.082            21733962511             0            N/A          0                 0                 0                 0                 0.000             95.000            0                 0                 0                 0                           0                           0                           97156836907392              94356903140384              444               1.000        1.000        0.296        0.000        0.000        0.000        0.000        0.000        95092024                    46012269                    0                           0                           
GPU 0     1410         1512         0                           73                69           82.082            21733985593             0            N/A          0                 0                 0                 0                 0.000             95.000            0                 0                 0                 0                           0                           0                           97156836907392              94356903140384              444               0.998        0.000        0.000        0.000        0.000        0.000        0.000        0.000        883839                      1011659                     0                           0                           
GPU 0     1410         1512         0                           74                70           263.628           21734012944             0            N/A          74                0                 0                 0                 0.000             74.000            0                 0                 0                 0                           0                           0                           97156836907392              94356903140384              444               0.998        0.000        0.000        0.000        0.000        0.000        0.000        0.000        883839                      1011659                     0                           0                           
GPU 0     1410         1512         0                           75                71           266.256           21734039625             0            N/A          74                0                 0                 0                 0.000             74.000            0                 0                 0                 0                           0                           0                           97156836907392              94356903140384              444               0.998        0.799        0.191        0.000        0.000        0.000        0.000        0.000        2590437                     2007484                     0                           0                           
GPU 0     1410         1512         0                           74                71           264.514           21734066468             0            N/A          100               0                 0                 0                 0.000             99.000            0                 0                 0                 0                           0                           0                           97156836907392              94356903140384              444               0.998        0.791        0.186        0.000        0.000        0.000        0.000        0.000        7723446                     5310203                     0                           0                           
GPU 0     1410         1512         0                           74                71           269.179           21734093274             0            N/A          100               0                 0                 0                 0.000             99.000            0                 0                 0                 0                           0                           0                           97156836907392              94356903140384              444               0.998        0.790        0.185        0.000        0.000        0.000        0.000        0.000        3414708                     2599855                     0                           0                           
GPU 0     1410         1512         0                           75                71           266.767           21734120848             0            N/A          100               0                 0                 0                 0.000             99.000            0                 0                 0                 0                           0                           0                           97156836907392              94356903140384              444               0.998        0.790        0.186        0.000        0.000        0.000        0.000        0.000        7784386                     5342548                     0                           0                           
GPU 0     1410         1512         0                           74                71           269.099           21734147616             0            N/A          100               0                 0                 0                 0.000             99.000            0                 0                 0                 0                           0                           0                           97156836907392              94356903140384              444               0.998        0.000        0.000        0.000        0.000        0.000        0.000        0.000        9360070                     5562672                     0                           0                           
GPU 0     1410         1512         0                           75                71           267.929           21734174610             0            N/A          100               0                 0                 0                 0.000             99.000            0                 0                 0                 0                           0                           0                           97156836907392              94356903140384              444               0.998        0.800        0.190        0.000        0.000        0.000        0.000        0.000        3832312                     2796405                     0                           0                           
GPU 0     1410         1512         0                           75                71           265.205           21734201429             0            N/A          100               0                 0                 0                 0.000             99.000            0                 0                 0                 0                           0                           0                           97156836907392              94356903140384              444               0.998        0.790        0.186        0.000        0.000        0.000        0.000        0.000        5859856                     4313068                     0                           0                           
GPU 0     1410         1512         0                           74                71           268.109           21734228301             0            N/A          100               0                 0                 0                 0.000             99.000            0                 0                 0                 0                           0                           0                           97156836907392              94356903140384              444               0.998        0.795        0.187        0.000        0.000        0.000        0.000        0.000        3513540                     2635998                     0                           0                           
GPU 0     1410         1512         0                           74                71           265.396           21734255165             0            N/A          100               0                 0                 0                 0.000             99.000            0                 0                 0                 0                           0                           0                           97156836907392              94356903140384              444               0.998        0.790        0.186        0.000        0.000        0.000        0.000        0.000        6696823                     4473802                     0                           0                           
GPU 0     1410         1512         0                           74                71           268.408           21734281976             0            N/A          100               0                 0                 0                 0.000             99.000            0                 0                 0                 0                           0                           0                           97156836907392              94356903140384              444               0.997        0.790        0.186        0.000        0.000        0.000        0.000        0.000        6425844                     4627152                     0                           0                           
GPU 0     1410         1512         0                           74                71           268.503           21734308938             0            N/A          100               0                 0                 0                 0.000             99.000            0                 0                 0                 0                           0                           0                           97156836907392              94356903140384              444               0.998        0.000        0.000        0.000        0.000        0.000        0.000        0.000        3445115                     2414061                     0                           0                           
GPU 0     1410         1512         0                           74                71           268.038           21734335749             0            N/A          100               0                 0                 0                 0.000             99.000            0                 0                 0                 0                           0                           0                           97156836907392              94356903140384              444               0.998        0.785        0.183        0.000        0.000        0.000        0.000        0.000        6571046                     4661482                     0                           0                           
#Entity   SMCLK        MMCLK        DVCCTR                      MMTMP             TMPTR        POWER             TOTEC                   PSTAT        FANSP        GPUTL             MCUTL             ECUTL             DCUTL             MUSAM             GUSAM             PVIOL             TVIOL             SBVIO             BLVIO                       LUVIO                       RVIOL                       TAPCV                       TAPBC                       FBUSD             GRACT        SMACT        SMOCC        TENSO        DRAMA        FP64A        FP32A        FP16A        PCITX                       PCIRX                       NVLTX                       NVLRX                       
ID                                                              C                  C            W                 mJ                                                                                                                                                                                                                                                                                                                                                                                                                                                                                                                                                                                                       
GPU 0     1410         1512         0                           74                71           268.310           21734362672             0            N/A          100               0                 0                 0                 0.000             99.000            0                 0                 0                 0                           0                           0                           97156836907392              94356903140384              444               0.997        0.790        0.185        0.000        0.000        0.000        0.000        0.000        4804482                     3380455                     0                           0                           
GPU 0     1410         1512         0                           74                71           265.876           21734389725             0            N/A          100               0                 0                 0                 0.000             99.000            0                 0                 0                 0                           0                           0                           97156836907392              94356903140384              444               0.998        0.790        0.185        0.000        0.000        0.000        0.000        0.000        8470021                     5662507                     0                           0                           
GPU 0     1410         1512         0                           75                71           267.832           21734416495             0            N/A          100               0                 0                 0                 0.000             99.000            0                 0                 0                 0                           0                           0                           97156836907392              94356903140384              444               0.998        0.790        0.185        0.000        0.000        0.000        0.000        0.000        5632514                     3807047                     0                           0                           
GPU 0     1410         1512         0                           75                71           268.898           21734443546             0            N/A          100               0                 0                 0                 0.000             99.000            0                 0                 0                 0                           0                           0                           97156836907392              94356903140384              444               0.997        0.790        0.186        0.000        0.000        0.000        0.000        0.000        7070382                     4957459                     0                           0                           
GPU 0     1410         1512         0                           74                71           268.416           21734470424             0            N/A          100               0                 0                 0                 0.000             99.000            0                 0                 0                 0                           0                           0                           97156836907392              94356903140384              444               0.997        0.000        0.000        0.000        0.000        0.000        0.000        0.000        4836032                     3386308                     0                           0                           
GPU 0     1410         1512         0                           74                71           268.599           21734497439             0            N/A          100               0                 0                 0                 0.000             99.000            0                 0                 0                 0                           0                           0                           97156836907392              94356903140384              444               0.998        0.800        0.189        0.000        0.000        0.000        0.000        0.000        7121103                     4997512                     0                           0                           
GPU 0     1410         1512         0                           74                71           266.272           21734524275             0            N/A          100               0                 0                 0                 0.000             99.000            0                 0                 0                 0                           0                           0                           97156836907392              94356903140384              444               0.998        0.789        0.185        0.000        0.000        0.000        0.000        0.000        6217471                     4348873                     0                           0                           
GPU 0     1410         1512         0                           74                71           267.241           21734551224             0            N/A          100               0                 0                 0                 0.000             99.000            0                 0                 0                 0                           0                           0                           97156836907392              94356903140384              444               0.998        0.790        0.185        0.000        0.000        0.000        0.000        0.000        5196471                     3661854                     0                           0                           
GPU 0     1410         1512         0                           74                71           269.379           21734578160             0            N/A          100               0                 0                 0                 0.000             99.000            0                 0                 0                 0                           0                           0                           97156836907392              94356903140384              444               0.997        0.790        0.186        0.000        0.000        0.000        0.000        0.000        8124549                     5487495                     0                           0                           
GPU 0     1410         1512         0                           74                71           267.055           21734605059             0            N/A          100               0                 0                 0                 0.000             99.000            0                 0                 0                 0                           0                           0                           97156836907392              94356903140384              444               0.998        0.792        0.186        0.000        0.000        0.000        0.000        0.000        5771722                     3976764                     0                           0                           
GPU 0     1410         1512         0                           74                71           266.770           21734631872             0            N/A          100               0                 0                 0                 0.000             99.000            0                 0                 0                 0                           0                           0                           97156836907392              94356903140384              444               0.998        0.000        0.000        0.000        0.000        0.000        0.000        0.000        8042946                     5430278                     0                           0                           
GPU 0     1410         1512         0                           74                71           266.743           21734658937             0            N/A          100               0                 0                 0                 0.000             99.000            0                 0                 0                 0                           0                           0                           97156836907392              94356903140384              444               0.998        0.782        0.185        0.000        0.000        0.000        0.000        0.000        6267088                     4406163                     0                           0                           
GPU 0     1410         1512         0                           74                71           266.844           21734685830             0            N/A          100               0                 0                 0                 0.000             99.000            0                 0                 0                 0                           0                           0                           97156836907392              94356903140384              444               0.997        0.792        0.186        0.000        0.000        0.000        0.000        0.000        6148550                     4225177                     0                           0                           
GPU 0     1410         1512         0                           74                71           269.681           21734712602             0            N/A          100               0                 0                 0                 0.000             99.000            0                 0                 0                 0                           0                           0                           97156836907392              94356903140384              444               0.997        0.791        0.186        0.000        0.000        0.000        0.000        0.000        2671321                     2158182                     0                           0                           
#Entity   SMCLK        MMCLK        DVCCTR                      MMTMP             TMPTR        POWER             TOTEC                   PSTAT        FANSP        GPUTL             MCUTL             ECUTL             DCUTL             MUSAM             GUSAM             PVIOL             TVIOL             SBVIO             BLVIO                       LUVIO                       RVIOL                       TAPCV                       TAPBC                       FBUSD             GRACT        SMACT        SMOCC        TENSO        DRAMA        FP64A        FP32A        FP16A        PCITX                       PCIRX                       NVLTX                       NVLRX                       
ID                                                              C                  C            W                 mJ                                                                                                                                                                                                                                                                                                                                                                                                                                                                                                                                                                                                       
GPU 0     1410         1512         0                           74                71           267.138           21734739553             0            N/A          100               0                 0                 0                 0.000             99.000            0                 0                 0                 0                           0                           0                           97156836907392              94356903140384              444               0.998        0.790        0.185        0.000        0.000        0.000        0.000        0.000        5172973                     3732405                     0                           0                           
GPU 0     1410         1512         0                           74                71           266.448           21734766482             0            N/A          100               0                 0                 0                 0.000             99.000            0                 0                 0                 0                           0                           0                           97156836907392              94356903140384              444               0.997        0.794        0.187        0.000        0.000        0.000        0.000        0.000        3702712                     2858864                     0                           0                           
GPU 0     1410         1512         0                           74                71           269.679           21734793425             0            N/A          100               0                 0                 0                 0.000             99.000            0                 0                 0                 0                           0                           0                           97156836907392              94356903140384              444               0.998        0.000        0.000        0.000        0.000        0.000        0.000        0.000        4139090                     3100314                     0                           0                           
GPU 0     1410         1512         0                           74                71           266.639           21734820402             0            N/A          100               0                 0                 0                 0.000             99.000            0                 0                 0                 0                           0                           0                           97156836907392              94356903140384              444               0.997        0.793        0.188        0.000        0.000        0.000        0.000        0.000        3640692                     2800929                     0                           0                           
GPU 0     1410         1512         0                           75                71           269.876           21734874198             0            N/A          100               0                 0                 0                 0.000             99.000            0                 0                 0                 0                           0                           0                           97156836907392              94356903140384              444               0.998        0.792        0.187        0.000        0.000        0.000        0.000        0.000        7094897                     4918473                     0                           0                           
GPU 0     1410         1512         0                           74                72           270.076           21734901214             0            N/A          100               0                 0                 0                 0.000             99.000            0                 0                 0                 0                           0                           0                           97156836907392              94356903140384              444               0.998        0.790        0.185        0.000        0.000        0.000        0.000        0.000        2760655                     2200801                     0                           0                           
GPU 0     1410         1512         0                           74                72           266.459           21734901214             0            N/A          100               0                 0                 0                 0.000             99.000            0                 0                 0                 0                           0                           0                           97156836907392              94356903140384              444               0.998        0.794        0.187        0.000        0.000        0.000        0.000        0.000        7528639                     5188363                     0                           0                           
GPU 0     1410         1512         0                           74                72           269.775           21734928083             0            N/A          100               0                 0                 0                 0.000             99.000            0                 0                 0                 0                           0                           0                           97156836907392              94356903140384              444               0.998        0.794        0.187        0.000        0.000        0.000        0.000        0.000        7528639                     5188363                     0                           0                           
GPU 0     1410         1512         0                           75                72           266.956           21734955105             0            N/A          100               0                 0                 0                 0.000             99.000            0                 0                 0                 0                           0                           0                           97156836907392              94356903140384              444               0.997        0.792        0.186        0.000        0.000        0.000        0.000        0.000        972772                      1084175                     0                           0                           
GPU 0     1410         1512         0                           74                72           266.278           21734982194             0            N/A          100               0                 0                 0                 0.000             99.000            0                 0                 0                 0                           0                           0                           97156836907392              94356903140384              444               0.997        0.000        0.000        0.000        0.000        0.000        0.000        0.000        7958494                     5483924                     0                           0                           
GPU 0     1410         1512         0                           74                72           267.543           21735009066             0            N/A          100               0                 0                 0                 0.000             99.000            0                 0                 0                 0                           0                           0                           97156836907392              94356903140384              444               0.998        0.793        0.186        0.000        0.000        0.000        0.000        0.000        3203295                     2475849                     0                           0                           
GPU 0     1410         1512         0                           74                72           267.245           21735036107             0            N/A          100               0                 0                 0                 0.000             99.000            0                 0                 0                 0                           0                           0                           97156836907392              94356903140384              444               0.998        0.795        0.188        0.000        0.000        0.000        0.000        0.000        1286628                     1270974                     0                           0                           
GPU 0     1410         1512         0                           74                72           267.331           21735062921             0            N/A          100               0                 0                 0                 0.000             99.000            0                 0                 0                 0                           0                           0                           97156836907392              94356903140384              444               0.998        0.790        0.186        0.000        0.000        0.000        0.000        0.000        10859806                    7304136                     0                           0                           
GPU 0     1410         1512         0                           74                72           265.485           21735089733             0            N/A          100               0                 0                 0                 0.000             99.000            0                 0                 0                 0                           0                           0                           97156836907392              94356903140384              444               0.997        0.790        0.185        0.000        0.000        0.000        0.000        0.000        703762                      957445                      0                           0                           
#Entity   SMCLK        MMCLK        DVCCTR                      MMTMP             TMPTR        POWER             TOTEC                   PSTAT        FANSP        GPUTL             MCUTL             ECUTL             DCUTL             MUSAM             GUSAM             PVIOL             TVIOL             SBVIO             BLVIO                       LUVIO                       RVIOL                       TAPCV                       TAPBC                       FBUSD             GRACT        SMACT        SMOCC        TENSO        DRAMA        FP64A        FP32A        FP16A        PCITX                       PCIRX                       NVLTX                       NVLRX                       
ID                                                              C                  C            W                 mJ                                                                                                                                                                                                                                                                                                                                                                                                                                                                                                                                                                                                       
GPU 0     1410         1512         0                           74                72           267.533           21735116608             0            N/A          100               0                 0                 0                 0.000             99.000            0                 0                 0                 0                           0                           0                           97156836907392              94356903140384              444               0.997        0.787        0.184        0.000        0.000        0.000        0.000        0.000        7274813                     4975918                     0                           0                           
GPU 0     1410         1512         0                           74                72           265.775           21735143513             0            N/A          100               0                 0                 0                 0.000             99.000            0                 0                 0                 0                           0                           0                           97156836907392              94356903140384              444               0.998        0.000        0.000        0.000        0.000        0.000        0.000        0.000        4589407                     3522564                     0                           0                           
GPU 0     1410         1512         0                           74                72           270.151           21735170503             0            N/A          100               0                 0                 0                 0.000             99.000            0                 0                 0                 0                           0                           0                           97156836907392              94356903140384              444               0.998        0.775        0.180        0.000        0.000        0.000        0.000        0.000        7306503                     5094508                     0                           0                           
GPU 0     1410         1512         0                           74                72           267.546           21735197524             0            N/A          100               0                 0                 0                 0.000             99.000            0                 0                 0                 0                           0                           0                           97156836907392              94356903140384              444               0.997        0.795        0.188        0.000        0.000        0.000        0.000        0.000        5725013                     4194417                     0                           0                           
GPU 0     1410         1512         0                           74                72           265.196           21735224463             0            N/A          100               0                 0                 0                 0.000             99.000            0                 0                 0                 0                           0                           0                           97156836907392              94356903140384              444               0.998        0.788        0.185        0.000        0.000        0.000        0.000        0.000        7190049                     5060133                     0                           0                           
GPU 0     1410         1512         0                           74                72           267.759           21735251334             0            N/A          100               0                 0                 0                 0.000             99.000            0                 0                 0                 0                           0                           0                           97156836907392              94356903140384              444               0.997        0.790        0.186        0.000        0.000        0.000        0.000        0.000        5251500                     3964958                     0                           0                           
GPU 0     1410         1512         0                           74                72           267.749           21735278159             0            N/A          100               0                 0                 0                 0.000             99.000            0                 0                 0                 0                           0                           0                           97156836907392              94356903140384              444               0.998        0.790        0.186        0.000        0.000        0.000        0.000        0.000        7725145                     5295286                     0                           0                           
GPU 0     1410         1512         0                           74                72           270.064           21735305241             0            N/A          100               0                 0                 0                 0.000             99.000            0                 0                 0                 0                           0                           0                           97156836907392              94356903140384              444               0.998        0.000        0.000        0.000        0.000        0.000        0.000        0.000        5275434                     3972723                     0                           0                           
GPU 0     1410         1512         0                           74                72           268.707           21735332003             0            N/A          100               0                 0                 0                 0.000             99.000            0                 0                 0                 0                           0                           0                           97156836907392              94356903140384              444               0.997        0.791        0.186        0.000        0.000        0.000        0.000        0.000        5249676                     3443893                     0                           0                           
GPU 0     1410         1512         0                           74                72           265.292           21735359015             0            N/A          100               0                 0                 0                 0.000             99.000            0                 0                 0                 0                           0                           0                           97156836907392              94356903140384              444               0.998        0.790        0.185        0.000        0.000        0.000        0.000        0.000        5179555                     3927636                     0                           0                           
GPU 0     1410         1512         0                           74                72           268.697           21735385854             0            N/A          100               0                 0                 0                 0.000             99.000            0                 0                 0                 0                           0                           0                           97156836907392              94356903140384              444               0.998        0.786        0.185        0.000        0.000        0.000        0.000        0.000        3381974                     2549562                     0                           0                           
GPU 0     1410         1512         0                           74                72           265.483           21735412711             0            N/A          100               0                 0                 0                 0.000             99.000            0                 0                 0                 0                           0                           0                           97156836907392              94356903140384              444               0.998        0.792        0.186        0.000        0.000        0.000        0.000        0.000        2463769                     1907087                     0                           0                           
GPU 0     1410         1512         0                           74                72           269.696           21735439778             0            N/A          100               0                 0                 0                 0.000             99.000            0                 0                 0                 0                           0                           0                           97156836907392              94356903140384              444               0.998        0.790        0.186        0.000        0.000        0.000        0.000        0.000        5302790                     3733572                     0                           0                           
GPU 0     1410         1512         0                           74                72           265.697           21735466744             0            N/A          100               0                 0                 0                 0.000             99.000            0                 0                 0                 0                           0                           0                           97156836907392              94356903140384              444               0.998        0.000        0.000        0.000        0.000        0.000        0.000        0.000        5917732                     4259352                     0                           0                           
#Entity   SMCLK        MMCLK        DVCCTR                      MMTMP             TMPTR        POWER             TOTEC                   PSTAT        FANSP        GPUTL             MCUTL             ECUTL             DCUTL             MUSAM             GUSAM             PVIOL             TVIOL             SBVIO             BLVIO                       LUVIO                       RVIOL                       TAPCV                       TAPBC                       FBUSD             GRACT        SMACT        SMOCC        TENSO        DRAMA        FP64A        FP32A        FP16A        PCITX                       PCIRX                       NVLTX                       NVLRX                       
ID                                                              C                  C            W                 mJ                                                                                                                                                                                                                                                                                                                                                                                                                                                                                                                                                                                                       
GPU 0     1410         1512         0                           74                72           269.112           21735493638             0            N/A          100               0                 0                 0                 0.000             99.000            0                 0                 0                 0                           0                           0                           97156836907392              94356903140384              444               0.997        0.798        0.190        0.000        0.000        0.000        0.000        0.000        4811557                     3501411                     0                           0                           
GPU 0     1410         1512         0                           74                72           265.888           21735520501             0            N/A          100               0                 0                 0                 0.000             99.000            0                 0                 0                 0                           0                           0                           97156836907392              94356903140384              444               0.997        0.792        0.187        0.000        0.000        0.000        0.000        0.000        7377068                     5163295                     0                           0                           
GPU 0     1410         1512         0                           74                72           268.815           21735547463             0            N/A          100               0                 0                 0                 0.000             99.000            0                 0                 0                 0                           0                           0                           97156836907392              94356903140384              444               0.998        0.790        0.185        0.000        0.000        0.000        0.000        0.000        4977426                     3561409                     0                           0                           
GPU 0     1410         1512         0                           74                72           268.611           21735574399             0            N/A          100               0                 0                 0                 0.000             99.000            0                 0                 0                 0                           0                           0                           97156836907392              94356903140384              444               0.998        0.790        0.186        0.000        0.000        0.000        0.000        0.000        7717182                     5319309                     0                           0                           
GPU 0     1410         1512         0                           74                72           265.779           21735601278             0            N/A          100               0                 0                 0                 0.000             99.000            0                 0                 0                 0                           0                           0                           97156836907392              94356903140384              444               0.998        0.790        0.185        0.000        0.000        0.000        0.000        0.000        4495271                     2952955                     0                           0                           
GPU 0     1410         1512         0                           74                72           269.005           21735628167             0            N/A          100               0                 0                 0                 0.000             99.000            0                 0                 0                 0                           0                           0                           97156836907392              94356903140384              444               0.998        0.000        0.000        0.000        0.000        0.000        0.000        0.000        7437693                     5171156                     0                           0                           
GPU 0     1410         1512         0                           74                72           268.898           21735655162             0            N/A          100               0                 0                 0                 0.000             99.000            0                 0                 0                 0                           0                           0                           97156836907392              94356903140384              444               0.998        0.000        0.000        0.000        0.000        0.000        0.000        0.000        7437693                     5171156                     0                           0                           
GPU 0     1410         1512         0                           74                72           268.708           21735682140             0            N/A          100               0                 0                 0                 0.000             99.000            0                 0                 0                 0                           0                           0                           97156836907392              94356903140384              444               0.998        0.793        0.187        0.000        0.000        0.000        0.000        0.000        4256482                     3075736                     0                           0                           
GPU 0     1410         1512         0                           74                72           268.907           21735709007             0            N/A          100               0                 0                 0                 0.000             99.000            0                 0                 0                 0                           0                           0                           97156836907392              94356903140384              444               0.998        0.790        0.185        0.000        0.000        0.000        0.000        0.000        2742298                     2087333                     0                           0                           
GPU 0     1410         1512         0                           74                72           268.026           21735736049             0            N/A          100               0                 0                 0                 0.000             99.000            0                 0                 0                 0                           0                           0                           97156836907392              94356903140384              444               0.997        0.790        0.185        0.000        0.000        0.000        0.000        0.000        8817098                     6318457                     0                           0                           
GPU 0     1410         1512         0                           74                72           269.378           21735763005             0            N/A          100               0                 0                 0                 0.000             99.000            0                 0                 0                 0                           0                           0                           97156836907392              94356903140384              444               0.997        0.795        0.188        0.000        0.000        0.000        0.000        0.000        2758671                     2095506                     0                           0                           
GPU 0     1410         1512         0                           74                72           266.956           21735789993             0            N/A          100               0                 0                 0                 0.000             99.000            0                 0                 0                 0                           0                           0                           97156836907392              94356903140384              444               0.998        0.796        0.188        0.000        0.000        0.000        0.000        0.000        5468821                     4047726                     0                           0                           
GPU 0     1410         1512         0                           74                72           266.956           21735816864             0            N/A          100               0                 0                 0                 0.000             99.000            0                 0                 0                 0                           0                           0                           97156836907392              94356903140384              444               0.998        0.000        0.000        0.000        0.000        0.000        0.000        0.000        5582032                     3744829                     0                           0                           
GPU 0     1410         1512         0                           74                72           267.048           21735843786             0            N/A          100               0                 0                 0                 0.000             99.000            0                 0                 0                 0                           0                           0                           97156836907392              94356903140384              444               0.997        0.775        0.177        0.000        0.000        0.000        0.000        0.000        5911497                     4284350                     0                           0                           
#Entity   SMCLK        MMCLK        DVCCTR                      MMTMP             TMPTR        POWER             TOTEC                   PSTAT        FANSP        GPUTL             MCUTL             ECUTL             DCUTL             MUSAM             GUSAM             PVIOL             TVIOL             SBVIO             BLVIO                       LUVIO                       RVIOL                       TAPCV                       TAPBC                       FBUSD             GRACT        SMACT        SMOCC        TENSO        DRAMA        FP64A        FP32A        FP16A        PCITX                       PCIRX                       NVLTX                       NVLRX                       
ID                                                              C                  C            W                 mJ                                                                                                                                                                                                                                                                                                                                                                                                                                                                                                                                                                                                       
GPU 0     1410         1512         0                           74                72           269.777           21735870801             0            N/A          100               0                 0                 0                 0.000             99.000            0                 0                 0                 0                           0                           0                           97156836907392              94356903140384              444               0.998        0.795        0.188        0.000        0.000        0.000        0.000        0.000        7360192                     5070322                     0                           0                           
GPU 0     1410         1512         0                           74                72           267.328           21735897797             0            N/A          100               0                 0                 0                 0.000             99.000            0                 0                 0                 0                           0                           0                           97156836907392              94356903140384              444               0.998        0.790        0.186        0.000        0.000        0.000        0.000        0.000        5787154                     4231382                     0                           0                           
GPU 0     1410         1512         0                           74                72           266.577           21735924705             0            N/A          100               0                 0                 0                 0.000             99.000            0                 0                 0                 0                           0                           0                           97156836907392              94356903140384              444               0.998        0.794        0.187        0.000        0.000        0.000        0.000        0.000        7830626                     5348511                     0                           0                           
GPU 0     1410         1512         0                           74                72           270.267           21735951680             0            N/A          100               0                 0                 0                 0.000             99.000            0                 0                 0                 0                           0                           0                           97156836907392              94356903140384              444               0.997        0.788        0.185        0.000        0.000        0.000        0.000        0.000        950239                      1133545                     0                           0                           
GPU 0     1410         1512         0                           74                72           266.374           21735978637             0            N/A          100               0                 0                 0                 0.000             99.000            0                 0                 0                 0                           0                           0                           97156836907392              94356903140384              444               0.998        0.000        0.000        0.000        0.000        0.000        0.000        0.000        4214271                     3134093                     0                           0                           
GPU 0     1410         1512         0                           74                72           269.968           21736005579             0            N/A          100               0                 0                 0                 0.000             99.000            0                 0                 0                 0                           0                           0                           97156836907392              94356903140384              444               0.997        0.793        0.187        0.000        0.000        0.000        0.000        0.000        3630356                     2800486                     0                           0                           
GPU 0     1410         1512         0                           74                72           265.786           21736059470             0            N/A          100               0                 0                 0                 0.000             99.000            0                 0                 0                 0                           0                           0                           97156836907392              94356903140384              444               0.997        0.790        0.185        0.000        0.000        0.000        0.000        0.000        679295                      941192                      0                           0                           
GPU 0     1410         1512         0                           74                72           266.267           21736086384             0            N/A          100               0                 0                 0                 0.000             99.000            0                 0                 0                 0                           0                           0                           97156836907392              94356903140384              444               0.998        0.796        0.188        0.000        0.000        0.000        0.000        0.000        4570929                     3320078                     0                           0                           
GPU 0     1410         1512         0                           74                72           270.161           21736113300             0            N/A          100               0                 0                 0                 0.000             99.000            0                 0                 0                 0                           0                           0                           97156836907392              94356903140384              444               0.997        0.790        0.185        0.000        0.000        0.000        0.000        0.000        2553603                     1894569                     0                           0                           
GPU 0     1410         1512         0                           74                72           267.800           21736140378             0            N/A          100               0                 0                 0                 0.000             99.000            0                 0                 0                 0                           0                           0                           97156836907392              94356903140384              444               0.998        0.785        0.184        0.000        0.000        0.000        0.000        0.000        4601691                     3346920                     0                           0                           
GPU 0     1410         1512         0                           74                72           265.870           21736167333             0            N/A          100               0                 0                 0                 0.000             99.000            0                 0                 0                 0                           0                           0                           97156836907392              94356903140384              444               0.998        0.000        0.000        0.000        0.000        0.000        0.000        0.000        6088505                     4254829                     0                           0                           
GPU 0     1410         1512         0                           74                72           265.881           21736194262             0            N/A          100               0                 0                 0                 0.000             99.000            0                 0                 0                 0                           0                           0                           97156836907392              94356903140384              444               0.998        0.781        0.183        0.000        0.000        0.000        0.000        0.000        4567378                     3301983                     0                           0                           
GPU 0     1410         1512         0                           74                72           265.881           21736221196             0            N/A          100               0                 0                 0                 0.000             99.000            0                 0                 0                 0                           0                           0                           97156836907392              94356903140384              444               0.997        0.796        0.188        0.000        0.000        0.000        0.000        0.000        7168475                     4942187                     0                           0                           
GPU 0     1410         1512         0                           74                72           269.481           21736221196             0            N/A          100               0                 0                 0                 0.000             99.000            0                 0                 0                 0                           0                           0                           97156836907392              94356903140384              444               0.995        0.790        0.185        0.000        0.000        0.000        0.000        0.000        4632498                     3357625                     0                           0                           
#Entity   SMCLK        MMCLK        DVCCTR                      MMTMP             TMPTR        POWER             TOTEC                   PSTAT        FANSP        GPUTL             MCUTL             ECUTL             DCUTL             MUSAM             GUSAM             PVIOL             TVIOL             SBVIO             BLVIO                       LUVIO                       RVIOL                       TAPCV                       TAPBC                       FBUSD             GRACT        SMACT        SMOCC        TENSO        DRAMA        FP64A        FP32A        FP16A        PCITX                       PCIRX                       NVLTX                       NVLRX                       
ID                                                              C                  C            W                 mJ                                                                                                                                                                                                                                                                                                                                                                                                                                                                                                                                                                                                       
GPU 0     1410         1512         0                           74                72           267.629           21736248073             0            N/A          100               0                 0                 0                 0.000             99.000            0                 0                 0                 0                           0                           0                           97156836907392              94356903140384              444               0.998        0.791        0.186        0.000        0.000        0.000        0.000        0.000        7274884                     5002757                     0                           0                           
GPU 0     1410         1512         0                           74                72           265.885           21736275085             0            N/A          100               0                 0                 0                 0.000             99.000            0                 0                 0                 0                           0                           0                           97156836907392              94356903140384              444               0.998        0.795        0.188        0.000        0.000        0.000        0.000        0.000        4038986                     3049654                     0                           0                           
GPU 0     1410         1512         0                           74                72           267.730           21736301992             0            N/A          100               0                 0                 0                 0.000             99.000            0                 0                 0                 0                           0                           0                           97156836907392              94356903140384              444               0.998        0.000        0.000        0.000        0.000        0.000        0.000        0.000        6572692                     4656325                     0                           0                           
GPU 0     1410         1512         0                           74                72           266.363           21736328973             0            N/A          100               0                 0                 0                 0.000             99.000            0                 0                 0                 0                           0                           0                           97156836907392              94356903140384              444               0.998        0.789        0.184        0.000        0.000        0.000        0.000        0.000        3836598                     2933314                     0                           0                           
GPU 0     1410         1512         0                           74                72           270.365           21736355899             0            N/A          100               0                 0                 0                 0.000             99.000            0                 0                 0                 0                           0                           0                           97156836907392              94356903140384              444               0.998        0.790        0.185        0.000        0.000        0.000        0.000        0.000        6953646                     4933154                     0                           0                           
GPU 0     1410         1512         0                           74                72           267.629           21736382787             0            N/A          100               0                 0                 0                 0.000             99.000            0                 0                 0                 0                           0                           0                           97156836907392              94356903140384              444               0.998        0.790        0.185        0.000        0.000        0.000        0.000        0.000        1784475                     1551748                     0                           0                           
GPU 0     1410         1512         0                           74                72           267.737           21736409761             0            N/A          100               0                 0                 0                 0.000             99.000            0                 0                 0                 0                           0                           0                           97156836907392              94356903140384              444               0.998        0.795        0.188        0.000        0.000        0.000        0.000        0.000        7168239                     5024403                     0                           0                           
GPU 0     1410         1512         0                           74                72           266.074           21736436708             0            N/A          100               0                 0                 0                 0.000             99.000            0                 0                 0                 0                           0                           0                           97156836907392              94356903140384              444               0.998        0.795        0.188        0.000        0.000        0.000        0.000        0.000        7168239                     5024403                     0                           0                           
GPU 0     1410         1512         0                           74                72           270.355           21736463586             0            N/A          100               0                 0                 0                 0.000             99.000            0                 0                 0                 0                           0                           0                           97156836907392              94356903140384              444               0.998        0.790        0.185        0.000        0.000        0.000        0.000        0.000        3009826                     2396431                     0                           0                           
GPU 0     1410         1512         0                           74                72           267.232           21736490574             0            N/A          100               0                 0                 0                 0.000             99.000            0                 0                 0                 0                           0                           0                           97156836907392              94356903140384              444               0.998        0.000        0.000        0.000        0.000        0.000        0.000        0.000        2486807                     1947068                     0                           0                           
GPU 0     1410         1512         0                           74                72           270.377           21736517385             0            N/A          100               0                 0                 0                 0.000             99.000            0                 0                 0                 0                           0                           0                           97156836907392              94356903140384              444               0.997        0.789        0.186        0.000        0.000        0.000        0.000        0.000        9591335                     6771388                     0                           0                           
GPU 0     1410         1512         0                           74                72           268.027           21736544442             0            N/A          100               0                 0                 0                 0.000             99.000            0                 0                 0                 0                           0                           0                           97156836907392              94356903140384              444               0.998        0.795        0.187        0.000        0.000        0.000        0.000        0.000        2421853                     1931083                     0                           0                           
GPU 0     1410         1512         0                           74                72           265.676           21736571319             0            N/A          100               0                 0                 0                 0.000             99.000            0                 0                 0                 0                           0                           0                           97156836907392              94356903140384              444               0.998        0.795        0.187        0.000        0.000        0.000        0.000        0.000        5823968                     4237090                     0                           0                           
GPU 0     1410         1512         0                           74                72           270.356           21736598301             0            N/A          100               0                 0                 0                 0.000             99.000            0                 0                 0                 0                           0                           0                           97156836907392              94356903140384              444               0.997        0.797        0.187        0.000        0.000        0.000        0.000        0.000        5764507                     4172610                     0                           0                           
#Entity   SMCLK        MMCLK        DVCCTR                      MMTMP             TMPTR        POWER             TOTEC                   PSTAT        FANSP        GPUTL             MCUTL             ECUTL             DCUTL             MUSAM             GUSAM             PVIOL             TVIOL             SBVIO             BLVIO                       LUVIO                       RVIOL                       TAPCV                       TAPBC                       FBUSD             GRACT        SMACT        SMOCC        TENSO        DRAMA        FP64A        FP32A        FP16A        PCITX                       PCIRX                       NVLTX                       NVLRX                       
ID                                                              C                  C            W                 mJ                                                                                                                                                                                                                                                                                                                                                                                                                                                                                                                                                                                                       
GPU 0     1410         1512         0                           74                72           266.965           21736625255             0            N/A          100               0                 0                 0                 0.000             99.000            0                 0                 0                 0                           0                           0                           97156836907392              94356903140384              444               0.997        0.790        0.185        0.000        0.000        0.000        0.000        0.000        5710447                     4183121                     0                           0                           
GPU 0     1410         1512         0                           74                72           270.463           21736652157             0            N/A          100               0                 0                 0                 0.000             99.000            0                 0                 0                 0                           0                           0                           97156836907392              94356903140384              444               0.998        0.000        0.000        0.000        0.000        0.000        0.000        0.000        7468304                     5167268                     0                           0                           
GPU 0     1410         1512         0                           74                72           267.952           21736679170             0            N/A          100               0                 0                 0                 0.000             99.000            0                 0                 0                 0                           0                           0                           97156836907392              94356903140384              444               0.998        0.792        0.185        0.000        0.000        0.000        0.000        0.000        6550559                     4628309                     0                           0                           
GPU 0     1410         1512         0                           74                72           265.784           21736706115             0            N/A          100               0                 0                 0                 0.000             99.000            0                 0                 0                 0                           0                           0                           97156836907392              94356903140384              444               0.998        0.790        0.185        0.000        0.000        0.000        0.000        0.000        7567657                     5233447                     0                           0                           
GPU 0     1410         1512         0                           74                72           269.793           21736732926             0            N/A          100               0                 0                 0                 0.000             99.000            0                 0                 0                 0                           0                           0                           97156836907392              94356903140384              444               0.998        0.792        0.187        0.000        0.000        0.000        0.000        0.000        1722562                     1489826                     0                           0                           
GPU 0     1410         1512         0                           74                72           267.337           21736759867             0            N/A          100               0                 0                 0                 0.000             99.000            0                 0                 0                 0                           0                           0                           97156836907392              94356903140384              444               0.998        0.790        0.186        0.000        0.000        0.000        0.000        0.000        679417                      949545                      0                           0                           
GPU 0     1410         1512         0                           75                72           269.600           21736786682             0            N/A          100               0                 0                 0                 0.000             99.000            0                 0                 0                 0                           0                           0                           97156836907392              94356903140384              444               0.998        0.791        0.187        0.000        0.000        0.000        0.000        0.000        6106535                     4237887                     0                           0                           
GPU 0     1410         1512         0                           74                72           269.600           21736813749             0            N/A          100               0                 0                 0                 0.000             99.000            0                 0                 0                 0                           0                           0                           97156836907392              94356903140384              444               0.998        0.000        0.000        0.000        0.000        0.000        0.000        0.000        2804871                     2292781                     0                           0                           
GPU 0     1410         1512         0                           74                72           268.612           21736840747             0            N/A          100               0                 0                 0                 0.000             99.000            0                 0                 0                 0                           0                           0                           97156836907392              94356903140384              444               0.998        0.799        0.187        0.000        0.000        0.000        0.000        0.000        5362402                     3754507                     0                           0                           
GPU 0     1410         1512         0                           74                72           266.082           21736867521             0            N/A          100               0                 0                 0                 0.000             99.000            0                 0                 0                 0                           0                           0                           97156836907392              94356903140384              444               0.998        0.790        0.186        0.000        0.000        0.000        0.000        0.000        5987757                     4324843                     0                           0                           
GPU 0     1410         1512         0                           74                72           269.379           21736894596             0            N/A          100               0                 0                 0                 0.000             99.000            0                 0                 0                 0                           0                           0                           97156836907392              94356903140384              444               0.998        0.790        0.186        0.000        0.000        0.000        0.000        0.000        5236694                     3693198                     0                           0                           
GPU 0     1410         1512         0                           74                72           268.707           21736921536             0            N/A          100               0                 0                 0                 0.000             99.000            0                 0                 0                 0                           0                           0                           97156836907392              94356903140384              444               0.998        0.790        0.186        0.000        0.000        0.000        0.000        0.000        6060588                     4356884                     0                           0                           
GPU 0     1410         1512         0                           74                72           265.983           21736948438             0            N/A          100               0                 0                 0                 0.000             99.000            0                 0                 0                 0                           0                           0                           97156836907392              94356903140384              444               0.998        0.793        0.186        0.000        0.000        0.000        0.000        0.000        5984398                     4090560                     0                           0                           
GPU 0     1410         1512         0                           74                72           267.730           21736975450             0            N/A          100               0                 0                 0                 0.000             99.000            0                 0                 0                 0                           0                           0                           97156836907392              94356903140384              444               0.998        0.000        0.000        0.000        0.000        0.000        0.000        0.000        6093077                     4373147                     0                           0                           
#Entity   SMCLK        MMCLK        DVCCTR                      MMTMP             TMPTR        POWER             TOTEC                   PSTAT        FANSP        GPUTL             MCUTL             ECUTL             DCUTL             MUSAM             GUSAM             PVIOL             TVIOL             SBVIO             BLVIO                       LUVIO                       RVIOL                       TAPCV                       TAPBC                       FBUSD             GRACT        SMACT        SMOCC        TENSO        DRAMA        FP64A        FP32A        FP16A        PCITX                       PCIRX                       NVLTX                       NVLRX                       
ID                                                              C                  C            W                 mJ                                                                                                                                                                                                                                                                                                                                                                                                                                                                                                                                                                                                       
GPU 0     1410         1512         0                           74                72           266.079           21737002278             0            N/A          100               0                 0                 0                 0.000             99.000            0                 0                 0                 0                           0                           0                           97156836907392              94356903140384              444               0.998        0.797        0.189        0.000        0.000        0.000        0.000        0.000        4446800                     3052265                     0                           0                           
GPU 0     1410         1512         0                           74                72           269.007           21737029284             0            N/A          100               0                 0                 0                 0.000             99.000            0                 0                 0                 0                           0                           0                           97156836907392              94356903140384              444               0.998        0.790        0.186        0.000        0.000        0.000        0.000        0.000        5211186                     3943317                     0                           0                           
GPU 0     1410         1512         0                           74                72           269.091           21737056235             0            N/A          100               0                 0                 0                 0.000             99.000            0                 0                 0                 0                           0                           0                           97156836907392              94356903140384              444               0.997        0.795        0.188        0.000        0.000        0.000        0.000        0.000        4320171                     3195367                     0                           0                           
GPU 0     1410         1512         0                           74                72           266.355           21737083072             0            N/A          100               0                 0                 0                 0.000             99.000            0                 0                 0                 0                           0                           0                           97156836907392              94356903140384              444               0.998        0.792        0.187        0.000        0.000        0.000        0.000        0.000        2751508                     2093359                     0                           0                           
GPU 0     1410         1512         0                           74                72           268.609           21737110132             0            N/A          100               0                 0                 0                 0.000             99.000            0                 0                 0                 0                           0                           0                           97156836907392              94356903140384              444               0.998        0.796        0.188        0.000        0.000        0.000        0.000        0.000        9348665                     6388047                     0                           0                           
GPU 0     1410         1512         0                           74                72           267.920           21737137123             0            N/A          100               0                 0                 0                 0.000             99.000            0                 0                 0                 0                           0                           0                           97156836907392              94356903140384              444               0.998        0.000        0.000        0.000        0.000        0.000        0.000        0.000        2897926                     2177422                     0                           0                           
GPU 0     1410         1512         0                           74                72           268.920           21737190895             0            N/A          100               0                 0                 0                 0.000             99.000            0                 0                 0                 0                           0                           0                           97156836907392              94356903140384              444               0.998        0.000        0.000        0.000        0.000        0.000        0.000        0.000        2897926                     2177422                     0                           0                           
GPU 0     1410         1512         0                           74                72           268.994           21737217676             0            N/A          100               0                 0                 0                 0.000             99.000            0                 0                 0                 0                           0                           0                           97156836907392              94356903140384              444               0.998        0.793        0.187        0.000        0.000        0.000        0.000        0.000        8363610                     5606617                     0                           0                           
GPU 0     1410         1512         0                           74                72           266.560           21737244717             0            N/A          100               0                 0                 0                 0.000             99.000            0                 0                 0                 0                           0                           0                           97156836907392              94356903140384              444               0.998        0.795        0.187        0.000        0.000        0.000        0.000        0.000        6070715                     4320974                     0                           0                           
GPU 0     1410         1512         0                           74                72           268.044           21737271719             0            N/A          100               0                 0                 0                 0.000             99.000            0                 0                 0                 0                           0                           0                           97156836907392              94356903140384              444               0.998        0.793        0.187        0.000        0.000        0.000        0.000        0.000        8507509                     5650374                     0                           0                           
GPU 0     1410         1512         0                           74                72           266.752           21737298587             0            N/A          100               0                 0                 0                 0.000             99.000            0                 0                 0                 0                           0                           0                           97156836907392              94356903140384              444               0.998        0.794        0.188        0.000        0.000        0.000        0.000        0.000        5492237                     3996921                     0                           0                           
GPU 0     1410         1512         0                           74                72           268.022           21737325501             0            N/A          100               0                 0                 0                 0.000             99.000            0                 0                 0                 0                           0                           0                           97156836907392              94356903140384              444               0.998        0.795        0.187        0.000        0.000        0.000        0.000        0.000        7464130                     5211051                     0                           0                           
GPU 0     1410         1512         0                           74                72           269.679           21737352407             0            N/A          100               0                 0                 0                 0.000             99.000            0                 0                 0                 0                           0                           0                           97156836907392              94356903140384              444               0.998        0.000        0.000        0.000        0.000        0.000        0.000        0.000        3381649                     2626183                     0                           0                           
GPU 0     1410         1512         0                           74                72           267.341           21737379348             0            N/A          100               0                 0                 0                 0.000             99.000            0                 0                 0                 0                           0                           0                           97156836907392              94356903140384              444               0.998        0.786        0.188        0.000        0.000        0.000        0.000        0.000        7682947                     5346185                     0                           0                           
#Entity   SMCLK        MMCLK        DVCCTR                      MMTMP             TMPTR        POWER             TOTEC                   PSTAT        FANSP        GPUTL             MCUTL             ECUTL             DCUTL             MUSAM             GUSAM             PVIOL             TVIOL             SBVIO             BLVIO                       LUVIO                       RVIOL                       TAPCV                       TAPBC                       FBUSD             GRACT        SMACT        SMOCC        TENSO        DRAMA        FP64A        FP32A        FP16A        PCITX                       PCIRX                       NVLTX                       NVLRX                       
ID                                                              C                  C            W                 mJ                                                                                                                                                                                                                                                                                                                                                                                                                                                                                                                                                                                                       
GPU 0     1410         1512         0                           74                72           266.855           21737406390             0            N/A          100               0                 0                 0                 0.000             99.000            0                 0                 0                 0                           0                           0                           97156836907392              94356903140384              444               0.998        0.790        0.185        0.000        0.000        0.000        0.000        0.000        679398                      933145                      0                           0                           
GPU 0     1410         1512         0                           74                72           270.268           21737433259             0            N/A          100               0                 0                 0                 0.000             99.000            0                 0                 0                 0                           0                           0                           97156836907392              94356903140384              444               0.998        0.790        0.185        0.000        0.000        0.000        0.000        0.000        687468                      941180                      0                           0                           
GPU 0     1410         1512         0                           74                72           267.919           21737460238             0            N/A          100               0                 0                 0                 0.000             99.000            0                 0                 0                 0                           0                           0                           97156836907392              94356903140384              444               0.998        0.793        0.188        0.000        0.000        0.000        0.000        0.000        7977506                     5375796                     0                           0                           
GPU 0     1410         1512         0                           74                72           267.436           21737487236             0            N/A          100               0                 0                 0                 0.000             99.000            0                 0                 0                 0                           0                           0                           97156836907392              94356903140384              444               0.998        0.000        0.000        0.000        0.000        0.000        0.000        0.000        671052                      932926                      0                           0                           
GPU 0     1410         1512         0                           74                72           266.577           21737514155             0            N/A          100               0                 0                 0                 0.000             99.000            0                 0                 0                 0                           0                           0                           97156836907392              94356903140384              444               0.998        0.752        0.174        0.000        0.000        0.000        0.000        0.000        7419577                     4920462                     0                           0                           
GPU 0     1410         1512         0                           74                72           266.577           21737541032             0            N/A          100               0                 0                 0                 0.000             99.000            0                 0                 0                 0                           0                           0                           97156836907392              94356903140384              444               0.998        0.790        0.185        0.000        0.000        0.000        0.000        0.000        679408                      933165                      0                           0                           
GPU 0     1410         1512         0                           74                72           270.268           21737541032             0            N/A          100               0                 0                 0                 0.000             99.000            0                 0                 0                 0                           0                           0                           97156836907392              94356903140384              444               0.998        0.790        0.186        0.000        0.000        0.000        0.000        0.000        7872479                     5419655                     0                           0                           
GPU 0     1410         1512         0                           74                72           267.834           21737568113             0            N/A          100               0                 0                 0                 0.000             99.000            0                 0                 0                 0                           0                           0                           97156836907392              94356903140384              444               0.998        0.794        0.187        0.000        0.000        0.000        0.000        0.000        968655                      1075539                     0                           0                           
GPU 0     1410         1512         0                           74                72           267.627           21737595046             0            N/A          100               0                 0                 0                 0.000             99.000            0                 0                 0                 0                           0                           0                           97156836907392              94356903140384              444               0.997        0.794        0.187        0.000        0.000        0.000        0.000        0.000        7857504                     5417101                     0                           0                           
GPU 0     1410         1512         0                           74                72           268.992           21737622071             0            N/A          100               0                 0                 0                 0.000             99.000            0                 0                 0                 0                           0                           0                           97156836907392              94356903140384              444               0.998        0.000        0.000        0.000        0.000        0.000        0.000        0.000        703859                      957572                      0                           0                           
GPU 0     1410         1512         0                           74                72           266.446           21737648957             0            N/A          100               0                 0                 0                 0.000             99.000            0                 0                 0                 0                           0                           0                           97156836907392              94356903140384              444               0.997        0.818        0.195        0.000        0.000        0.000        0.000        0.000        6363468                     4476384                     0                           0                           
GPU 0     1410         1512         0                           74                72           270.363           21737675864             0            N/A          100               0                 0                 0                 0.000             99.000            0                 0                 0                 0                           0                           0                           97156836907392              94356903140384              444               0.997        0.795        0.188        0.000        0.000        0.000        0.000        0.000        2410442                     2123208                     0                           0                           
GPU 0     1410         1512         0                           74                72           267.832           21737702886             0            N/A          100               0                 0                 0                 0.000             99.000            0                 0                 0                 0                           0                           0                           97156836907392              94356903140384              444               0.998        0.791        0.186        0.000        0.000        0.000        0.000        0.000        6271339                     4460837                     0                           0                           
GPU 0     1410         1512         0                           74                72           267.726           21737729804             0            N/A          100               0                 0                 0                 0.000             99.000            0                 0                 0                 0                           0                           0                           97156836907392              94356903140384              444               0.998        0.790        0.185        0.000        0.000        0.000        0.000        0.000        5185957                     3940397                     0                           0                           
#Entity   SMCLK        MMCLK        DVCCTR                      MMTMP             TMPTR        POWER             TOTEC                   PSTAT        FANSP        GPUTL             MCUTL             ECUTL             DCUTL             MUSAM             GUSAM             PVIOL             TVIOL             SBVIO             BLVIO                       LUVIO                       RVIOL                       TAPCV                       TAPBC                       FBUSD             GRACT        SMACT        SMOCC        TENSO        DRAMA        FP64A        FP32A        FP16A        PCITX                       PCIRX                       NVLTX                       NVLRX                       
ID                                                              C                  C            W                 mJ                                                                                                                                                                                                                                                                                                                                                                                                                                                                                                                                                                                                       
GPU 0     1410         1512         0                           74                72           266.253           21737756811             0            N/A          100               0                 0                 0                 0.000             99.000            0                 0                 0                 0                           0                           0                           97156836907392              94356903140384              444               0.998        0.796        0.188        0.000        0.000        0.000        0.000        0.000        7708176                     5312162                     0                           0                           
GPU 0     1410         1512         0                           74                72           268.799           21737783744             0            N/A          100               0                 0                 0                 0.000             99.000            0                 0                 0                 0                           0                           0                           97156836907392              94356903140384              444               0.998        0.000        0.000        0.000        0.000        0.000        0.000        0.000        5195376                     3924935                     0                           0                           
GPU 0     1410         1512         0                           74                72           267.834           21737810570             0            N/A          100               0                 0                 0                 0.000             99.000            0                 0                 0                 0                           0                           0                           97156836907392              94356903140384              444               0.998        0.783        0.184        0.000        0.000        0.000        0.000        0.000        4805645                     3320714                     0                           0                           
GPU 0     1410         1512         0                           74                72           270.460           21737837564             0            N/A          100               0                 0                 0                 0.000             99.000            0                 0                 0                 0                           0                           0                           97156836907392              94356903140384              444               0.998        0.790        0.185        0.000        0.000        0.000        0.000        0.000        5221304                     3944630                     0                           0                           
GPU 0     1410         1512         0                           74                72           267.629           21737864514             0            N/A          100               0                 0                 0                 0.000             99.000            0                 0                 0                 0                           0                           0                           97156836907392              94356903140384              444               0.998        0.794        0.187        0.000        0.000        0.000        0.000        0.000        3094213                     2264865                     0                           0                           
GPU 0     1410         1512         0                           74                72           267.629           21737891556             0            N/A          100               0                 0                 0                 0.000             99.000            0                 0                 0                 0                           0                           0                           97156836907392              94356903140384              444               0.998        0.791        0.186        0.000        0.000        0.000        0.000        0.000        2641229                     2033358                     0                           0                           
GPU 0     1410         1512         0                           74                72           266.255           21737918542             0            N/A          100               0                 0                 0                 0.000             99.000            0                 0                 0                 0                           0                           0                           97156836907392              94356903140384              444               0.998        0.798        0.189        0.000        0.000        0.000        0.000        0.000        5297327                     3723904                     0                           0                           
GPU 0     1410         1512         0                           74                72           270.657           21737945519             0            N/A          100               0                 0                 0                 0.000             99.000            0                 0                 0                 0                           0                           0                           97156836907392              94356903140384              444               0.997        0.000        0.000        0.000        0.000        0.000        0.000        0.000        4382731                     3213169                     0                           0                           
GPU 0     1410         1512         0                           74                72           267.940           21737972514             0            N/A          100               0                 0                 0                 0.000             99.000            0                 0                 0                 0                           0                           0                           97156836907392              94356903140384              444               0.998        0.793        0.186        0.000        0.000        0.000        0.000        0.000        4931233                     3536340                     0                           0                           
GPU 0     1410         1512         0                           74                72           265.789           21737999391             0            N/A          100               0                 0                 0                 0.000             99.000            0                 0                 0                 0                           0                           0                           97156836907392              94356903140384              444               0.998        0.796        0.188        0.000        0.000        0.000        0.000        0.000        8083148                     5503419                     0                           0                           
GPU 0     1410         1512         0                           74                72           267.935           21738026227             0            N/A          100               0                 0                 0                 0.000             99.000            0                 0                 0                 0                           0                           0                           97156836907392              94356903140384              444               0.998        0.793        0.187        0.000        0.000        0.000        0.000        0.000        5411921                     3764375                     0                           0                           
GPU 0     1410         1512         0                           74                72           265.978           21738053199             0            N/A          100               0                 0                 0                 0.000             99.000            0                 0                 0                 0                           0                           0                           97156836907392              94356903140384              444               0.998        0.790        0.185        0.000        0.000        0.000        0.000        0.000        7209137                     5065184                     0                           0                           
GPU 0     1410         1512         0                           74                72           270.763           21738080074             0            N/A          100               0                 0                 0                 0.000             99.000            0                 0                 0                 0                           0                           0                           97156836907392              94356903140384              444               0.997        0.790        0.185        0.000        0.000        0.000        0.000        0.000        4139691                     2867624                     0                           0                           
GPU 0     1410         1512         0                           74                72           268.037           21738107163             0            N/A          100               0                 0                 0                 0.000             99.000            0                 0                 0                 0                           0                           0                           97156836907392              94356903140384              444               0.998        0.000        0.000        0.000        0.000        0.000        0.000        0.000        6979561                     4909403                     0                           0                           
#Entity   SMCLK        MMCLK        DVCCTR                      MMTMP             TMPTR        POWER             TOTEC                   PSTAT        FANSP        GPUTL             MCUTL             ECUTL             DCUTL             MUSAM             GUSAM             PVIOL             TVIOL             SBVIO             BLVIO                       LUVIO                       RVIOL                       TAPCV                       TAPBC                       FBUSD             GRACT        SMACT        SMOCC        TENSO        DRAMA        FP64A        FP32A        FP16A        PCITX                       PCIRX                       NVLTX                       NVLRX                       
ID                                                              C                  C            W                 mJ                                                                                                                                                                                                                                                                                                                                                                                                                                                                                                                                                                                                       
GPU 0     1410         1512         0                           74                72           270.857           21738134077             0            N/A          100               0                 0                 0                 0.000             99.000            0                 0                 0                 0                           0                           0                           97156836907392              94356903140384              444               0.998        0.783        0.182        0.000        0.000        0.000        0.000        0.000        2472140                     1933623                     0                           0                           
GPU 0     1410         1512         0                           74                72           267.930           21738160922             0            N/A          100               0                 0                 0                 0.000             99.000            0                 0                 0                 0                           0                           0                           97156836907392              94356903140384              444               0.998        0.792        0.186        0.000        0.000        0.000        0.000        0.000        2593321                     2045183                     0                           0                           
GPU 0     1410         1512         0                           74                72           265.989           21738187901             0            N/A          100               0                 0                 0                 0.000             99.000            0                 0                 0                 0                           0                           0                           97156836907392              94356903140384              444               0.998        0.792        0.186        0.000        0.000        0.000        0.000        0.000        2593321                     2045183                     0                           0                           
GPU 0     1410         1512         0                           74                72           270.760           21738214852             0            N/A          100               0                 0                 0                 0.000             99.000            0                 0                 0                 0                           0                           0                           97156836907392              94356903140384              444               0.998        0.790        0.185        0.000        0.000        0.000        0.000        0.000        7968358                     5735290                     0                           0                           
GPU 0     1410         1512         0                           74                72           267.725           21738241897             0            N/A          100               0                 0                 0                 0.000             99.000            0                 0                 0                 0                           0                           0                           97156836907392              94356903140384              444               0.998        0.793        0.187        0.000        0.000        0.000        0.000        0.000        2439119                     1923381                     0                           0                           
GPU 0     1410         1512         0                           74                72           267.856           21738295723             0            N/A          100               0                 0                 0                 0.000             99.000            0                 0                 0                 0                           0                           0                           97156836907392              94356903140384              444               0.998        0.791        0.186        0.000        0.000        0.000        0.000        0.000        5415961                     4009967                     0                           0                           
GPU 0     1410         1512         0                           74                72           267.845           21738322790             0            N/A          100               0                 0                 0                 0.000             99.000            0                 0                 0                 0                           0                           0                           97156836907392              94356903140384              444               0.998        0.000        0.000        0.000        0.000        0.000        0.000        0.000        4571625                     3306741                     0                           0                           
GPU 0     1410         1512         0                           74                72           265.694           21738349729             0            N/A          100               0                 0                 0                 0.000             99.000            0                 0                 0                 0                           0                           0                           97156836907392              94356903140384              444               0.998        0.811        0.193        0.000        0.000        0.000        0.000        0.000        5389687                     4014467                     0                           0                           
GPU 0     1410         1512         0                           74                72           269.484           21738376732             0            N/A          100               0                 0                 0                 0.000             99.000            0                 0                 0                 0                           0                           0                           97156836907392              94356903140384              444               0.998        0.790        0.185        0.000        0.000        0.000        0.000        0.000        7152937                     4954157                     0                           0                           
GPU 0     1410         1512         0                           74                72           265.904           21738403714             0            N/A          100               0                 0                 0                 0.000             99.000            0                 0                 0                 0                           0                           0                           97156836907392              94356903140384              444               0.998        0.790        0.185        0.000        0.000        0.000        0.000        0.000        5286649                     3983805                     0                           0                           
GPU 0     1410         1512         0                           74                72           270.648           21738430652             0            N/A          100               0                 0                 0                 0.000             99.000            0                 0                 0                 0                           0                           0                           97156836907392              94356903140384              444               0.998        0.791        0.187        0.000        0.000        0.000        0.000        0.000        7311234                     5072894                     0                           0                           
GPU 0     1410         1512         0                           74                72           269.283           21738457626             0            N/A          100               0                 0                 0                 0.000             99.000            0                 0                 0                 0                           0                           0                           97156836907392              94356903140384              444               0.997        0.796        0.189        0.000        0.000        0.000        0.000        0.000        1331239                     1294974                     0                           0                           
GPU 0     1410         1512         0                           74                72           265.676           21738484506             0            N/A          100               0                 0                 0                 0.000             99.000            0                 0                 0                 0                           0                           0                           97156836907392              94356903140384              444               0.998        0.000        0.000        0.000        0.000        0.000        0.000        0.000        3404163                     2716800                     0                           0                           
GPU 0     1410         1512         0                           74                72           269.379           21738511560             0            N/A          100               0                 0                 0                 0.000             99.000            0                 0                 0                 0                           0                           0                           97156836907392              94356903140384              444               0.998        0.783        0.182        0.000        0.000        0.000        0.000        0.000        3567174                     2732393                     0                           0                           
#Entity   SMCLK        MMCLK        DVCCTR                      MMTMP             TMPTR        POWER             TOTEC                   PSTAT        FANSP        GPUTL             MCUTL             ECUTL             DCUTL             MUSAM             GUSAM             PVIOL             TVIOL             SBVIO             BLVIO                       LUVIO                       RVIOL                       TAPCV                       TAPBC                       FBUSD             GRACT        SMACT        SMOCC        TENSO        DRAMA        FP64A        FP32A        FP16A        PCITX                       PCIRX                       NVLTX                       NVLRX                       
ID                                                              C                  C            W                 mJ                                                                                                                                                                                                                                                                                                                                                                                                                                                                                                                                                                                                       
GPU 0     1410         1512         0                           74                72           267.327           21738538547             0            N/A          100               0                 0                 0                 0.000             99.000            0                 0                 0                 0                           0                           0                           97156836907392              94356903140384              444               0.997        0.792        0.187        0.000        0.000        0.000        0.000        0.000        671054                      932928                      0                           0                           
GPU 0     1410         1512         0                           74                72           270.570           21738565407             0            N/A          100               0                 0                 0                 0.000             99.000            0                 0                 0                 0                           0                           0                           97156836907392              94356903140384              444               0.998        0.790        0.185        0.000        0.000        0.000        0.000        0.000        4143505                     3113292                     0                           0                           
GPU 0     1410         1512         0                           74                72           268.133           21738592465             0            N/A          100               0                 0                 0                 0.000             99.000            0                 0                 0                 0                           0                           0                           97156836907392              94356903140384              444               0.998        0.793        0.186        0.000        0.000        0.000        0.000        0.000        5258703                     3854117                     0                           0                           
GPU 0     1410         1512         0                           74                72           265.890           21738619510             0            N/A          100               0                 0                 0                 0.000             99.000            0                 0                 0                 0                           0                           0                           97156836907392              94356903140384              444               0.997        0.790        0.186        0.000        0.000        0.000        0.000        0.000        4447762                     3284361                     0                           0                           
GPU 0     1410         1512         0                           74                72           269.975           21738646276             0            N/A          100               0                 0                 0                 0.000             99.000            0                 0                 0                 0                           0                           0                           97156836907392              94356903140384              444               0.998        0.000        0.000        0.000        0.000        0.000        0.000        0.000        8021602                     5470426                     0                           0                           
GPU 0     1410         1512         0                           74                72           266.263           21738673301             0            N/A          100               0                 0                 0                 0.000             99.000            0                 0                 0                 0                           0                           0                           97156836907392              94356903140384              444               0.998        0.794        0.187        0.000        0.000        0.000        0.000        0.000        4577976                     3326767                     0                           0                           
GPU 0     1410         1512         0                           74                72           269.592           21738700242             0            N/A          100               0                 0                 0                 0.000             99.000            0                 0                 0                 0                           0                           0                           97156836907392              94356903140384              444               0.998        0.793        0.186        0.000        0.000        0.000        0.000        0.000        7356298                     5047502                     0                           0                           
GPU 0     1410         1512         0                           74                72           268.812           21738727227             0            N/A          100               0                 0                 0                 0.000             99.000            0                 0                 0                 0                           0                           0                           97156836907392              94356903140384              444               0.998        0.795        0.188        0.000        0.000        0.000        0.000        0.000        3896438                     2961799                     0                           0                           
GPU 0     1410         1512         0                           74                72           266.079           21738727227             0            N/A          100               0                 0                 0                 0.000             99.000            0                 0                 0                 0                           0                           0                           97156836907392              94356903140384              444               0.998        0.793        0.186        0.000        0.000        0.000        0.000        0.000        6374009                     4448865                     0                           0                           
GPU 0     1410         1512         0                           74                72           269.382           21738754301             0            N/A          100               0                 0                 0                 0.000             99.000            0                 0                 0                 0                           0                           0                           97156836907392              94356903140384              444               0.998        0.803        0.190        0.000        0.000        0.000        0.000        0.000        1650104                     1467960                     0                           0                           
GPU 0     1410         1512         0                           74                72           266.465           21738781064             0            N/A          100               0                 0                 0                 0.000             99.000            0                 0                 0                 0                           0                           0                           97156836907392              94356903140384              444               0.998        0.000        0.000        0.000        0.000        0.000        0.000        0.000        7365024                     5114697                     0                           0                           
GPU 0     1410         1512         0                           74                72           269.102           21738808121             0            N/A          100               0                 0                 0                 0.000             99.000            0                 0                 0                 0                           0                           0                           97156836907392              94356903140384              444               0.998        0.802        0.189        0.000        0.000        0.000        0.000        0.000        2937264                     2354250                     0                           0                           
GPU 0     1410         1512         0                           74                72           269.198           21738835098             0            N/A          100               0                 0                 0                 0.000             99.000            0                 0                 0                 0                           0                           0                           97156836907392              94356903140384              444               0.998        0.790        0.186        0.000        0.000        0.000        0.000        0.000        2794860                     2116976                     0                           0                           
GPU 0     1410         1512         0                           74                72           266.654           21738862064             0            N/A          100               0                 0                 0                 0.000             99.000            0                 0                 0                 0                           0                           0                           97156836907392              94356903140384              444               0.998        0.790        0.186        0.000        0.000        0.000        0.000        0.000        2794860                     2116976                     0                           0                           
#Entity   SMCLK        MMCLK        DVCCTR                      MMTMP             TMPTR        POWER             TOTEC                   PSTAT        FANSP        GPUTL             MCUTL             ECUTL             DCUTL             MUSAM             GUSAM             PVIOL             TVIOL             SBVIO             BLVIO                       LUVIO                       RVIOL                       TAPCV                       TAPBC                       FBUSD             GRACT        SMACT        SMOCC        TENSO        DRAMA        FP64A        FP32A        FP16A        PCITX                       PCIRX                       NVLTX                       NVLRX                       
ID                                                              C                  C            W                 mJ                                                                                                                                                                                                                                                                                                                                                                                                                                                                                                                                                                                                       
GPU 0     1410         1512         0                           74                72           268.428           21738889137             0            N/A          100               0                 0                 0                 0.000             99.000            0                 0                 0                 0                           0                           0                           97156836907392              94356903140384              444               0.997        0.790        0.185        0.000        0.000        0.000        0.000        0.000        3002805                     2225641                     0                           0                           
GPU 0     1410         1512         0                           74                72           266.463           21738916002             0            N/A          100               0                 0                 0                 0.000             99.000            0                 0                 0                 0                           0                           0                           97156836907392              94356903140384              444               0.997        0.790        0.185        0.000        0.000        0.000        0.000        0.000        3002805                     2225641                     0                           0                           
GPU 0     1410         1512         0                           74                72           268.598           21738942968             0            N/A          100               0                 0                 0                 0.000             99.000            0                 0                 0                 0                           0                           0                           97156836907392              94356903140384              444               0.998        0.790        0.185        0.000        0.000        0.000        0.000        0.000        5500402                     4072681                     0                           0                           
GPU 0     1410         1512         0                           74                72           269.390           21738970028             0            N/A          100               0                 0                 0                 0.000             99.000            0                 0                 0                 0                           0                           0                           97156836907392              94356903140384              444               0.998        0.000        0.000        0.000        0.000        0.000        0.000        0.000        6172507                     4402920                     0                           0                           
GPU 0     1410         1512         0                           74                72           266.943           21738996905             0            N/A          100               0                 0                 0                 0.000             99.000            0                 0                 0                 0                           0                           0                           97156836907392              94356903140384              444               0.998        0.801        0.190        0.000        0.000        0.000        0.000        0.000        5372539                     4022319                     0                           0                           
GPU 0     1410         1512         0                           74                72           267.827           21739023868             0            N/A          100               0                 0                 0                 0.000             99.000            0                 0                 0                 0                           0                           0                           97156836907392              94356903140384              444               0.998        0.790        0.186        0.000        0.000        0.000        0.000        0.000        6953466                     4922337                     0                           0                           
GPU 0     1410         1512         0                           74                72           267.244           21739050722             0            N/A          100               0                 0                 0                 0.000             99.000            0                 0                 0                 0                           0                           0                           97156836907392              94356903140384              444               0.998        0.795        0.188        0.000        0.000        0.000        0.000        0.000        824561                      1017028                     0                           0                           
GPU 0     1410         1512         0                           74                72           267.540           21739077641             0            N/A          100               0                 0                 0                 0.000             99.000            0                 0                 0                 0                           0                           0                           97156836907392              94356903140384              444               0.997        0.790        0.185        0.000        0.000        0.000        0.000        0.000        5213589                     3953141                     0                           0                           
GPU 0     1410         1512         0                           74                72           270.074           21739104704             0            N/A          100               0                 0                 0                 0.000             99.000            0                 0                 0                 0                           0                           0                           97156836907392              94356903140384              444               0.998        0.795        0.188        0.000        0.000        0.000        0.000        0.000        2979510                     2327006                     0                           0                           
GPU 0     1410         1512         0                           74                72           267.639           21739131693             0            N/A          100               0                 0                 0                 0.000             99.000            0                 0                 0                 0                           0                           0                           97156836907392              94356903140384              444               0.998        0.000        0.000        0.000        0.000        0.000        0.000        0.000        712034                      957563                      0                           0                           
GPU 0     1410         1512         0                           74                72           267.166           21739158542             0            N/A          100               0                 0                 0                 0.000             99.000            0                 0                 0                 0                           0                           0                           97156836907392              94356903140384              444               0.998        0.794        0.189        0.000        0.000        0.000        0.000        0.000        5038521                     3625809                     0                           0                           
GPU 0     1410         1512         0                           74                72           270.566           21739185692             0            N/A          100               0                 0                 0                 0.000             99.000            0                 0                 0                 0                           0                           0                           97156836907392              94356903140384              444               0.998        0.795        0.188        0.000        0.000        0.000        0.000        0.000        5368092                     3944790                     0                           0                           
GPU 0     1410         1512         0                           74                72           267.641           21739212614             0            N/A          100               0                 0                 0                 0.000             99.000            0                 0                 0                 0                           0                           0                           97156836907392              94356903140384              444               0.998        0.790        0.185        0.000        0.000        0.000        0.000        0.000        5323945                     3718534                     0                           0                           
GPU 0     1410         1512         0                           74                72           268.422           21739239585             0            N/A          100               0                 0                 0                 0.000             99.000            0                 0                 0                 0                           0                           0                           97156836907392              94356903140384              444               0.998        0.795        0.188        0.000        0.000        0.000        0.000        0.000        5430073                     4037529                     0                           0                           
#Entity   SMCLK        MMCLK        DVCCTR                      MMTMP             TMPTR        POWER             TOTEC                   PSTAT        FANSP        GPUTL             MCUTL             ECUTL             DCUTL             MUSAM             GUSAM             PVIOL             TVIOL             SBVIO             BLVIO                       LUVIO                       RVIOL                       TAPCV                       TAPBC                       FBUSD             GRACT        SMACT        SMOCC        TENSO        DRAMA        FP64A        FP32A        FP16A        PCITX                       PCIRX                       NVLTX                       NVLRX                       
ID                                                              C                  C            W                 mJ                                                                                                                                                                                                                                                                                                                                                                                                                                                                                                                                                                                                       
GPU 0     1410         1512         0                           74                72           269.184           21739266713             0            N/A          100               0                 0                 0                 0.000             99.000            0                 0                 0                 0                           0                           0                           97156836907392              94356903140384              444               0.998        0.789        0.185        0.000        0.000        0.000        0.000        0.000        5342964                     3733603                     0                           0                           
GPU 0     1410         1512         0                           74                72           267.928           21739293723             0            N/A          100               0                 0                 0                 0.000             99.000            0                 0                 0                 0                           0                           0                           97156836907392              94356903140384              444               0.998        0.000        0.000        0.000        0.000        0.000        0.000        0.000        5781465                     4225407                     0                           0                           
GPU 0     1410         1512         0                           74                72           266.384           21739320653             0            N/A          100               0                 0                 0                 0.000             99.000            0                 0                 0                 0                           0                           0                           97156836907392              94356903140384              444               0.997        0.793        0.187        0.000        0.000        0.000        0.000        0.000        2791140                     2124819                     0                           0                           
GPU 0     1410         1512         0                           74                72           270.761           21739347775             0            N/A          100               0                 0                 0                 0.000             99.000            0                 0                 0                 0                           0                           0                           97156836907392              94356903140384              444               0.998        0.791        0.185        0.000        0.000        0.000        0.000        0.000        6077720                     4350359                     0                           0                           
GPU 0     1410         1512         0                           74                72           268.134           21739374786             0            N/A          100               0                 0                 0                 0.000             99.000            0                 0                 0                 0                           0                           0                           97156836907392              94356903140384              444               0.998        0.790        0.185        0.000        0.000        0.000        0.000        0.000        4209444                     3102734                     0                           0                           
GPU 0     1410         1512         0                           74                72           266.182           21739428671             0            N/A          100               0                 0                 0                 0.000             99.000            0                 0                 0                 0                           0                           0                           97156836907392              94356903140384              444               0.998        0.791        0.186        0.000        0.000        0.000        0.000        0.000        3064977                     2237635                     0                           0                           
GPU 0     1410         1512         0                           74                72           268.133           21739455556             0            N/A          100               0                 0                 0                 0.000             99.000            0                 0                 0                 0                           0                           0                           97156836907392              94356903140384              444               0.998        0.790        0.186        0.000        0.000        0.000        0.000        0.000        10093458                    6979615                     0                           0                           
GPU 0     1410         1512         0                           74                72           266.363           21739482582             0            N/A          100               0                 0                 0                 0.000             99.000            0                 0                 0                 0                           0                           0                           97156836907392              94356903140384              444               0.998        0.000        0.000        0.000        0.000        0.000        0.000        0.000        2954724                     2193419                     0                           0                           
GPU 0     1410         1512         0                           74                72           270.664           21739509598             0            N/A          100               0                 0                 0                 0.000             99.000            0                 0                 0                 0                           0                           0                           97156836907392              94356903140384              444               0.998        0.776        0.183        0.000        0.000        0.000        0.000        0.000        8258492                     5585321                     0                           0                           
GPU 0     1410         1512         0                           74                72           268.038           21739536472             0            N/A          100               0                 0                 0                 0.000             99.000            0                 0                 0                 0                           0                           0                           97156836907392              94356903140384              444               0.998        0.795        0.188        0.000        0.000        0.000        0.000        0.000        1812659                     1545879                     0                           0                           
GPU 0     1410         1512         0                           74                72           265.977           21739563633             0            N/A          100               0                 0                 0                 0.000             99.000            0                 0                 0                 0                           0                           0                           97156836907392              94356903140384              444               0.997        0.790        0.185        0.000        0.000        0.000        0.000        0.000        7943542                     5434172                     0                           0                           
GPU 0     1410         1512         0                           74                72           271.032           21739590542             0            N/A          100               0                 0                 0                 0.000             99.000            0                 0                 0                 0                           0                           0                           97156836907392              94356903140384              444               0.998        0.794        0.187        0.000        0.000        0.000        0.000        0.000        1736324                     1499071                     0                           0                           
GPU 0     1410         1512         0                           74                72           266.073           21739617515             0            N/A          100               0                 0                 0                 0.000             99.000            0                 0                 0                 0                           0                           0                           97156836907392              94356903140384              444               0.998        0.790        0.185        0.000        0.000        0.000        0.000        0.000        8152786                     5557586                     0                           0                           
GPU 0     1410         1512         0                           74                72           270.857           21739644610             0            N/A          100               0                 0                 0                 0.000             99.000            0                 0                 0                 0                           0                           0                           97156836907392              94356903140384              444               0.998        0.000        0.000        0.000        0.000        0.000        0.000        0.000        695547                      924675                      0                           0                           
#Entity   SMCLK        MMCLK        DVCCTR                      MMTMP             TMPTR        POWER             TOTEC                   PSTAT        FANSP        GPUTL             MCUTL             ECUTL             DCUTL             MUSAM             GUSAM             PVIOL             TVIOL             SBVIO             BLVIO                       LUVIO                       RVIOL                       TAPCV                       TAPBC                       FBUSD             GRACT        SMACT        SMOCC        TENSO        DRAMA        FP64A        FP32A        FP16A        PCITX                       PCIRX                       NVLTX                       NVLRX                       
ID                                                              C                  C            W                 mJ                                                                                                                                                                                                                                                                                                                                                                                                                                                                                                                                                                                                       
GPU 0     1410         1512         0                           74                72           268.048           21739671491             0            N/A          100               0                 0                 0                 0.000             99.000            0                 0                 0                 0                           0                           0                           97156836907392              94356903140384              444               0.997        0.778        0.179        0.000        0.000        0.000        0.000        0.000        7638020                     5219463                     0                           0                           
GPU 0     1410         1512         0                           74                72           265.869           21739698405             0            N/A          100               0                 0                 0                 0.000             99.000            0                 0                 0                 0                           0                           0                           97156836907392              94356903140384              444               0.998        0.790        0.185        0.000        0.000        0.000        0.000        0.000        695641                      941164                      0                           0                           
GPU 0     1410         1512         0                           74                72           270.570           21739725369             0            N/A          100               0                 0                 0                 0.000             99.000            0                 0                 0                 0                           0                           0                           97156836907392              94356903140384              444               0.998        0.790        0.185        0.000        0.000        0.000        0.000        0.000        7025073                     4875249                     0                           0                           
GPU 0     1410         1512         0                           74                72           268.324           21739752236             0            N/A          100               0                 0                 0                 0.000             99.000            0                 0                 0                 0                           0                           0                           97156836907392              94356903140384              444               0.998        0.790        0.185        0.000        0.000        0.000        0.000        0.000        662910                      916618                      0                           0                           
GPU 0     1410         1512         0                           74                72           270.763           21739779271             0            N/A          100               0                 0                 0                 0.000             99.000            0                 0                 0                 0                           0                           0                           97156836907392              94356903140384              444               0.998        0.000        0.000        0.000        0.000        0.000        0.000        0.000        662888                      908407                      0                           0                           
GPU 0     1410         1512         0                           74                72           268.133           21739806290             0            N/A          100               0                 0                 0                 0.000             99.000            0                 0                 0                 0                           0                           0                           97156836907392              94356903140384              444               0.997        0.779        0.180        0.000        0.000        0.000        0.000        0.000        7006674                     4912544                     0                           0                           
GPU 0     1410         1512         0                           74                72           265.987           21739833173             0            N/A          100               0                 0                 0                 0.000             99.000            0                 0                 0                 0                           0                           0                           97156836907392              94356903140384              444               0.998        0.790        0.185        0.000        0.000        0.000        0.000        0.000        671152                      924873                      0                           0                           
GPU 0     1410         1512         0                           74                72           270.072           21739860141             0            N/A          100               0                 0                 0                 0.000             99.000            0                 0                 0                 0                           0                           0                           97156836907392              94356903140384              444               0.997        0.790        0.185        0.000        0.000        0.000        0.000        0.000        7854659                     5305017                     0                           0                           
GPU 0     1410         1512         0                           74                72           267.814           21739887088             0            N/A          100               0                 0                 0                 0.000             99.000            0                 0                 0                 0                           0                           0                           97156836907392              94356903140384              444               0.998        0.791        0.186        0.000        0.000        0.000        0.000        0.000        679329                      916671                      0                           0                           
GPU 0     1410         1512         0                           74                72           269.794           21739914079             0            N/A          100               0                 0                 0                 0.000             99.000            0                 0                 0                 0                           0                           0                           97156836907392              94356903140384              444               0.997        0.798        0.188        0.000        0.000        0.000        0.000        0.000        7629479                     5188624                     0                           0                           
GPU 0     1410         1512         0                           74                72           266.367           21739941206             0            N/A          100               0                 0                 0                 0.000             99.000            0                 0                 0                 0                           0                           0                           97156836907392              94356903140384              444               0.998        0.000        0.000        0.000        0.000        0.000        0.000        0.000        671137                      916681                      0                           0                           
GPU 0     1410         1512         0                           74                72           267.910           21739968027             0            N/A          100               0                 0                 0                 0.000             99.000            0                 0                 0                 0                           0                           0                           97156836907392              94356903140384              444               0.998        0.000        0.000        0.000        0.000        0.000        0.000        0.000        671137                      916681                      0                           0                           
