#Entity   SMCLK        MMCLK        DVCCTR                      MMTMP             TMPTR        POWER             TOTEC                   PSTAT        FANSP        GPUTL             MCUTL             ECUTL             DCUTL             MUSAM             GUSAM             PVIOL             TVIOL             SBVIO             BLVIO                       LUVIO                       RVIOL                       TAPCV                       TAPBC                       FBUSD             GRACT        SMACT        SMOCC        TENSO        DRAMA        FP64A        FP32A        FP16A        PCITX                       PCIRX                       NVLTX                       NVLRX                       
ID                                                              C                  C            W                 mJ                                                                                                                                                                                                                                                                                                                                                                                                                                                                                                                                                                                                       
GPU 0     1410         1512         0                           73                65           83.567            22367310150             0            N/A          1                 0                 0                 0                 0.000             96.000            0                 0                 0                 0                           0                           0                           97156836907392              94356903140384              444               1.000        1.000        0.296        0.000        0.000        0.000        0.000        0.000        99337748                    46357615                    0                           0                           
GPU 0     1410         1512         0                           73                67           139.303           22367334383             0            N/A          1                 0                 0                 0                 0.000             96.000            0                 0                 0                 0                           0                           0                           97156836907392              94356903140384              444               0.998        0.000        0.000        0.000        0.000        0.000        0.000        0.000        907615                      1065030                     0                           0                           
GPU 0     1410         1512         0                           73                69           253.247           22367366622             0            N/A          100               0                 0                 0                 0.000             99.000            0                 0                 0                 0                           0                           0                           97156836907392              94356903140384              444               0.998        0.000        0.000        0.000        0.000        0.000        0.000        0.000        907615                      1065030                     0                           0                           
GPU 0     1410         1512         0                           73                70           253.247           22367386346             0            N/A          100               0                 0                 0                 0.000             99.000            0                 0                 0                 0                           0                           0                           97156836907392              94356903140384              444               0.998        0.790        0.186        0.000        0.000        0.000        0.000        0.000        7072519                     4829599                     0                           0                           
GPU 0     1410         1512         0                           73                70           254.498           22367411774             0            N/A          100               0                 0                 0                 0.000             99.000            0                 0                 0                 0                           0                           0                           97156836907392              94356903140384              444               0.998        0.790        0.186        0.000        0.000        0.000        0.000        0.000        7072519                     4829599                     0                           0                           
GPU 0     1410         1512         0                           74                70           251.409           22367437212             0            N/A          100               0                 0                 0                 0.000             99.000            0                 0                 0                 0                           0                           0                           97156836907392              94356903140384              444               0.998        0.790        0.185        0.000        0.000        0.000        0.000        0.000        5079641                     3655311                     0                           0                           
GPU 0     1410         1512         0                           73                70           255.984           22367462849             0            N/A          100               0                 0                 0                 0.000             99.000            0                 0                 0                 0                           0                           0                           97156836907392              94356903140384              444               0.998        0.000        0.000        0.000        0.000        0.000        0.000        0.000        7120525                     4853439                     0                           0                           
GPU 0     1410         1512         0                           73                70           251.505           22367488109             0            N/A          100               0                 0                 0                 0.000             99.000            0                 0                 0                 0                           0                           0                           97156836907392              94356903140384              444               0.998        0.805        0.191        0.000        0.000        0.000        0.000        0.000        2260617                     1904256                     0                           0                           
GPU 0     1410         1512         0                           75                70           256.080           22367513575             0            N/A          100               0                 0                 0                 0.000             99.000            0                 0                 0                 0                           0                           0                           97156836907392              94356903140384              444               0.998        0.790        0.186        0.000        0.000        0.000        0.000        0.000        8724486                     5850229                     0                           0                           
GPU 0     1410         1512         0                           73                71           254.623           22367539157             0            N/A          100               0                 0                 0                 0.000             99.000            0                 0                 0                 0                           0                           0                           97156836907392              94356903140384              444               0.998        0.796        0.188        0.000        0.000        0.000        0.000        0.000        3437331                     2640667                     0                           0                           
GPU 0     1410         1512         0                           73                71           253.157           22367564614             0            N/A          100               0                 0                 0                 0.000             99.000            0                 0                 0                 0                           0                           0                           97156836907392              94356903140384              444               0.998        0.790        0.187        0.000        0.000        0.000        0.000        0.000        2348913                     1988769                     0                           0                           
GPU 0     1410         1512         0                           74                71           255.340           22367590232             0            N/A          100               0                 0                 0                 0.000             99.000            0                 0                 0                 0                           0                           0                           97156836907392              94356903140384              444               0.998        0.790        0.186        0.000        0.000        0.000        0.000        0.000        6358716                     4569201                     0                           0                           
GPU 0     1410         1512         0                           73                71           254.623           22367615911             0            N/A          100               0                 0                 0                 0.000             99.000            0                 0                 0                 0                           0                           0                           97156836907392              94356903140384              444               0.997        0.000        0.000        0.000        0.000        0.000        0.000        0.000        4020547                     3037479                     0                           0                           
GPU 0     1410         1512         0                           73                71           251.897           22367641296             0            N/A          100               0                 0                 0                 0.000             99.000            0                 0                 0                 0                           0                           0                           97156836907392              94356903140384              444               0.997        0.782        0.184        0.000        0.000        0.000        0.000        0.000        7847935                     5381654                     0                           0                           
GPU 0     1410         1512         0                           75                71           254.836           22367666783             0            N/A          100               0                 0                 0                 0.000             99.000            0                 0                 0                 0                           0                           0                           97156836907392              94356903140384              444               0.997        0.790        0.186        0.000        0.000        0.000        0.000        0.000        6245657                     4444813                     0                           0                           
#Entity   SMCLK        MMCLK        DVCCTR                      MMTMP             TMPTR        POWER             TOTEC                   PSTAT        FANSP        GPUTL             MCUTL             ECUTL             DCUTL             MUSAM             GUSAM             PVIOL             TVIOL             SBVIO             BLVIO                       LUVIO                       RVIOL                       TAPCV                       TAPBC                       FBUSD             GRACT        SMACT        SMOCC        TENSO        DRAMA        FP64A        FP32A        FP16A        PCITX                       PCIRX                       NVLTX                       NVLRX                       
ID                                                              C                  C            W                 mJ                                                                                                                                                                                                                                                                                                                                                                                                                                                                                                                                                                                                       
GPU 0     1410         1512         0                           73                71           254.623           22367692383             0            N/A          100               0                 0                 0                 0.000             99.000            0                 0                 0                 0                           0                           0                           97156836907392              94356903140384              444               0.998        0.790        0.185        0.000        0.000        0.000        0.000        0.000        7261115                     5038804                     0                           0                           
GPU 0     1410         1512         0                           74                71           252.280           22367717826             0            N/A          100               0                 0                 0                 0.000             99.000            0                 0                 0                 0                           0                           0                           97156836907392              94356903140384              444               0.997        0.795        0.188        0.000        0.000        0.000        0.000        0.000        6459415                     4560066                     0                           0                           
GPU 0     1410         1512         0                           73                71           253.463           22367743418             0            N/A          100               0                 0                 0                 0.000             99.000            0                 0                 0                 0                           0                           0                           97156836907392              94356903140384              444               0.997        0.790        0.186        0.000        0.000        0.000        0.000        0.000        3058302                     2317493                     0                           0                           
GPU 0     1410         1512         0                           74                71           253.825           22367769113             0            N/A          100               0                 0                 0                 0.000             99.000            0                 0                 0                 0                           0                           0                           97156836907392              94356903140384              444               0.998        0.000        0.000        0.000        0.000        0.000        0.000        0.000        8399724                     5640797                     0                           0                           
GPU 0     1410         1512         0                           73                71           254.727           22367794494             0            N/A          100               0                 0                 0                 0.000             99.000            0                 0                 0                 0                           0                           0                           97156836907392              94356903140384              444               0.997        0.793        0.187        0.000        0.000        0.000        0.000        0.000        2380914                     1928893                     0                           0                           
GPU 0     1410         1512         0                           75                71           254.927           22367819994             0            N/A          100               0                 0                 0                 0.000             99.000            0                 0                 0                 0                           0                           0                           97156836907392              94356903140384              444               0.998        0.795        0.188        0.000        0.000        0.000        0.000        0.000        7757589                     5324702                     0                           0                           
GPU 0     1410         1512         0                           75                71           252.473           22367845482             0            N/A          100               0                 0                 0                 0.000             99.000            0                 0                 0                 0                           0                           0                           97156836907392              94356903140384              444               0.998        0.789        0.186        0.000        0.000        0.000        0.000        0.000        4174560                     3127078                     0                           0                           
GPU 0     1410         1512         0                           74                71           254.231           22367872465             0            N/A          100               0                 0                 0                 0.000             99.000            0                 0                 0                 0                           0                           0                           97156836907392              94356903140384              444               0.998        0.790        0.185        0.000        0.000        0.000        0.000        0.000        3806509                     2701408                     0                           0                           
GPU 0     1410         1512         0                           73                71           251.999           22367896582             0            N/A          100               0                 0                 0                 0.000             99.000            0                 0                 0                 0                           0                           0                           97156836907392              94356903140384              444               0.997        0.795        0.188        0.000        0.000        0.000        0.000        0.000        3816324                     2877612                     0                           0                           
GPU 0     1410         1512         0                           75                71           252.664           22367922424             0            N/A          100               0                 0                 0                 0.000             99.000            0                 0                 0                 0                           0                           0                           97156836907392              94356903140384              444               0.997        0.000        0.000        0.000        0.000        0.000        0.000        0.000        6674791                     4692167                     0                           0                           
GPU 0     1410         1512         0                           75                71           254.423           22367947852             0            N/A          100               0                 0                 0                 0.000             99.000            0                 0                 0                 0                           0                           0                           97156836907392              94356903140384              444               0.997        0.788        0.185        0.000        0.000        0.000        0.000        0.000        3126472                     2529670                     0                           0                           
GPU 0     1410         1512         0                           73                71           255.297           22367947852             0            N/A          100               0                 0                 0                 0.000             99.000            0                 0                 0                 0                           0                           0                           97156836907392              94356903140384              444               0.997        0.789        0.186        0.000        0.000        0.000        0.000        0.000        6563356                     4648388                     0                           0                           
GPU 0     1410         1512         0                           74                71           252.953           22367973485             0            N/A          100               0                 0                 0                 0.000             99.000            0                 0                 0                 0                           0                           0                           97156836907392              94356903140384              444               0.997        0.789        0.185        0.000        0.000        0.000        0.000        0.000        1126619                     1179876                     0                           0                           
GPU 0     1410         1512         0                           74                71           254.055           22367998833             0            N/A          100               0                 0                 0                 0.000             99.000            0                 0                 0                 0                           0                           0                           97156836907392              94356903140384              444               0.997        0.790        0.185        0.000        0.000        0.000        0.000        0.000        7773595                     5381505                     0                           0                           
#Entity   SMCLK        MMCLK        DVCCTR                      MMTMP             TMPTR        POWER             TOTEC                   PSTAT        FANSP        GPUTL             MCUTL             ECUTL             DCUTL             MUSAM             GUSAM             PVIOL             TVIOL             SBVIO             BLVIO                       LUVIO                       RVIOL                       TAPCV                       TAPBC                       FBUSD             GRACT        SMACT        SMOCC        TENSO        DRAMA        FP64A        FP32A        FP16A        PCITX                       PCIRX                       NVLTX                       NVLRX                       
ID                                                              C                  C            W                 mJ                                                                                                                                                                                                                                                                                                                                                                                                                                                                                                                                                                                                       
GPU 0     1410         1512         0                           73                71           255.118           22368024367             0            N/A          100               0                 0                 0                 0.000             99.000            0                 0                 0                 0                           0                           0                           97156836907392              94356903140384              444               0.997        0.790        0.185        0.000        0.000        0.000        0.000        0.000        7773595                     5381505                     0                           0                           
GPU 0     1410         1512         0                           73                71           254.918           22368050001             0            N/A          100               0                 0                 0                 0.000             99.000            0                 0                 0                 0                           0                           0                           97156836907392              94356903140384              444               0.997        0.793        0.187        0.000        0.000        0.000        0.000        0.000        806655                      998465                      0                           0                           
GPU 0     1410         1512         0                           74                71           253.845           22368075515             0            N/A          100               0                 0                 0                 0.000             99.000            0                 0                 0                 0                           0                           0                           97156836907392              94356903140384              444               0.997        0.000        0.000        0.000        0.000        0.000        0.000        0.000        6757458                     4835047                     0                           0                           
GPU 0     1410         1512         0                           74                71           255.692           22368101074             0            N/A          100               0                 0                 0                 0.000             99.000            0                 0                 0                 0                           0                           0                           97156836907392              94356903140384              444               0.998        0.797        0.189        0.000        0.000        0.000        0.000        0.000        4099351                     3059592                     0                           0                           
GPU 0     1410         1512         0                           73                71           253.952           22368127432             0            N/A          100               0                 0                 0                 0.000             99.000            0                 0                 0                 0                           0                           0                           97156836907392              94356903140384              444               0.998        0.790        0.185        0.000        0.000        0.000        0.000        0.000        703743                      924688                      0                           0                           
GPU 0     1410         1512         0                           74                71           254.650           22368177738             0            N/A          100               0                 0                 0                 0.000             99.000            0                 0                 0                 0                           0                           0                           97156836907392              94356903140384              444               0.998        0.795        0.188        0.000        0.000        0.000        0.000        0.000        8198316                     5615440                     0                           0                           
GPU 0     1410         1512         0                           73                71           254.210           22368203352             0            N/A          100               0                 0                 0                 0.000             99.000            0                 0                 0                 0                           0                           0                           97156836907392              94356903140384              444               0.998        0.793        0.187        0.000        0.000        0.000        0.000        0.000        2449841                     2114379                     0                           0                           
GPU 0     1410         1512         0                           74                71           253.737           22368228801             0            N/A          100               0                 0                 0                 0.000             99.000            0                 0                 0                 0                           0                           0                           97156836907392              94356903140384              444               0.998        0.790        0.185        0.000        0.000        0.000        0.000        0.000        5813402                     4254566                     0                           0                           
GPU 0     1410         1512         0                           74                71           255.584           22368254257             0            N/A          100               0                 0                 0                 0.000             99.000            0                 0                 0                 0                           0                           0                           97156836907392              94356903140384              444               0.997        0.000        0.000        0.000        0.000        0.000        0.000        0.000        4851126                     3664770                     0                           0                           
GPU 0     1410         1512         0                           74                71           254.451           22368279763             0            N/A          100               0                 0                 0                 0.000             99.000            0                 0                 0                 0                           0                           0                           97156836907392              94356903140384              444               0.997        0.782        0.184        0.000        0.000        0.000        0.000        0.000        9540784                     6338953                     0                           0                           
GPU 0     1410         1512         0                           73                71           253.368           22368305333             0            N/A          100               0                 0                 0                 0.000             99.000            0                 0                 0                 0                           0                           0                           97156836907392              94356903140384              444               0.997        0.791        0.186        0.000        0.000        0.000        0.000        0.000        4689197                     3567955                     0                           0                           
GPU 0     1410         1512         0                           73                71           252.777           22368330882             0            N/A          100               0                 0                 0                 0.000             99.000            0                 0                 0                 0                           0                           0                           97156836907392              94356903140384              444               0.997        0.795        0.187        0.000        0.000        0.000        0.000        0.000        6188760                     4101250                     0                           0                           
GPU 0     1410         1512         0                           74                71           253.862           22368356359             0            N/A          100               0                 0                 0                 0.000             99.000            0                 0                 0                 0                           0                           0                           97156836907392              94356903140384              444               0.997        0.790        0.186        0.000        0.000        0.000        0.000        0.000        4658256                     3585858                     0                           0                           
GPU 0     1410         1512         0                           73                71           255.295           22368381928             0            N/A          100               0                 0                 0                 0.000             99.000            0                 0                 0                 0                           0                           0                           97156836907392              94356903140384              444               0.997        0.791        0.186        0.000        0.000        0.000        0.000        0.000        5575875                     3901544                     0                           0                           
#Entity   SMCLK        MMCLK        DVCCTR                      MMTMP             TMPTR        POWER             TOTEC                   PSTAT        FANSP        GPUTL             MCUTL             ECUTL             DCUTL             MUSAM             GUSAM             PVIOL             TVIOL             SBVIO             BLVIO                       LUVIO                       RVIOL                       TAPCV                       TAPBC                       FBUSD             GRACT        SMACT        SMOCC        TENSO        DRAMA        FP64A        FP32A        FP16A        PCITX                       PCIRX                       NVLTX                       NVLRX                       
ID                                                              C                  C            W                 mJ                                                                                                                                                                                                                                                                                                                                                                                                                                                                                                                                                                                                       
GPU 0     1410         1512         0                           73                71           253.942           22368407559             0            N/A          100               0                 0                 0                 0.000             99.000            0                 0                 0                 0                           0                           0                           97156836907392              94356903140384              444               0.997        0.000        0.000        0.000        0.000        0.000        0.000        0.000        3454857                     2532950                     0                           0                           
GPU 0     1410         1512         0                           74                71           255.118           22368433002             0            N/A          100               0                 0                 0                 0.000             99.000            0                 0                 0                 0                           0                           0                           97156836907392              94356903140384              444               0.998        0.788        0.184        0.000        0.000        0.000        0.000        0.000        5176901                     3671143                     0                           0                           
GPU 0     1410         1512         0                           74                71           254.918           22368458441             0            N/A          100               0                 0                 0                 0.000             99.000            0                 0                 0                 0                           0                           0                           97156836907392              94356903140384              444               0.997        0.794        0.188        0.000        0.000        0.000        0.000        0.000        5231677                     3692200                     0                           0                           
GPU 0     1410         1512         0                           73                71           255.118           22368484107             0            N/A          100               0                 0                 0                 0.000             99.000            0                 0                 0                 0                           0                           0                           97156836907392              94356903140384              444               0.997        0.795        0.188        0.000        0.000        0.000        0.000        0.000        6184796                     4208817                     0                           0                           
GPU 0     1410         1512         0                           73                71           252.856           22368509625             0            N/A          100               0                 0                 0                 0.000             99.000            0                 0                 0                 0                           0                           0                           97156836907392              94356903140384              444               0.998        0.788        0.184        0.000        0.000        0.000        0.000        0.000        7826627                     5346320                     0                           0                           
GPU 0     1410         1512         0                           74                71           254.038           22368535279             0            N/A          100               0                 0                 0                 0.000             99.000            0                 0                 0                 0                           0                           0                           97156836907392              94356903140384              444               0.997        0.790        0.185        0.000        0.000        0.000        0.000        0.000        6428060                     4371508                     0                           0                           
GPU 0     1410         1512         0                           73                71           255.311           22368560843             0            N/A          100               0                 0                 0                 0.000             99.000            0                 0                 0                 0                           0                           0                           97156836907392              94356903140384              444               0.997        0.000        0.000        0.000        0.000        0.000        0.000        0.000        6665701                     4609145                     0                           0                           
GPU 0     1410         1512         0                           74                71           252.886           22368586358             0            N/A          100               0                 0                 0                 0.000             99.000            0                 0                 0                 0                           0                           0                           97156836907392              94356903140384              444               0.998        0.801        0.190        0.000        0.000        0.000        0.000        0.000        5561607                     3940169                     0                           0                           
GPU 0     1410         1512         0                           73                71           253.657           22368611954             0            N/A          100               0                 0                 0                 0.000             99.000            0                 0                 0                 0                           0                           0                           97156836907392              94356903140384              444               0.998        0.795        0.187        0.000        0.000        0.000        0.000        0.000        5698637                     4146494                     0                           0                           
GPU 0     1410         1512         0                           75                71           255.708           22368637454             0            N/A          100               0                 0                 0                 0.000             99.000            0                 0                 0                 0                           0                           0                           97156836907392              94356903140384              444               0.997        0.790        0.185        0.000        0.000        0.000        0.000        0.000        3232752                     2426711                     0                           0                           
GPU 0     1410         1512         0                           73                71           253.063           22368663028             0            N/A          100               0                 0                 0                 0.000             99.000            0                 0                 0                 0                           0                           0                           97156836907392              94356903140384              444               0.997        0.789        0.186        0.000        0.000        0.000        0.000        0.000        5269769                     3960699                     0                           0                           
GPU 0     1410         1512         0                           73                71           253.255           22368688651             0            N/A          100               0                 0                 0                 0.000             99.000            0                 0                 0                 0                           0                           0                           97156836907392              94356903140384              444               0.998        0.795        0.187        0.000        0.000        0.000        0.000        0.000        3458680                     2516921                     0                           0                           
GPU 0     1410         1512         0                           74                71           253.643           22368714343             0            N/A          100               0                 0                 0                 0.000             99.000            0                 0                 0                 0                           0                           0                           97156836907392              94356903140384              444               0.998        0.000        0.000        0.000        0.000        0.000        0.000        0.000        3356650                     2480555                     0                           0                           
GPU 0     1410         1512         0                           75                71           254.435           22368739625             0            N/A          100               0                 0                 0                 0.000             99.000            0                 0                 0                 0                           0                           0                           97156836907392              94356903140384              444               0.998        0.000        0.000        0.000        0.000        0.000        0.000        0.000        3356650                     2480555                     0                           0                           
#Entity   SMCLK        MMCLK        DVCCTR                      MMTMP             TMPTR        POWER             TOTEC                   PSTAT        FANSP        GPUTL             MCUTL             ECUTL             DCUTL             MUSAM             GUSAM             PVIOL             TVIOL             SBVIO             BLVIO                       LUVIO                       RVIOL                       TAPCV                       TAPBC                       FBUSD             GRACT        SMACT        SMOCC        TENSO        DRAMA        FP64A        FP32A        FP16A        PCITX                       PCIRX                       NVLTX                       NVLRX                       
ID                                                              C                  C            W                 mJ                                                                                                                                                                                                                                                                                                                                                                                                                                                                                                                                                                                                       
GPU 0     1410         1512         0                           73                71           255.311           22368765258             0            N/A          100               0                 0                 0                 0.000             99.000            0                 0                 0                 0                           0                           0                           97156836907392              94356903140384              444               0.998        0.793        0.187        0.000        0.000        0.000        0.000        0.000        7627465                     5345645                     0                           0                           
GPU 0     1410         1512         0                           75                71           252.858           22368790779             0            N/A          100               0                 0                 0                 0.000             99.000            0                 0                 0                 0                           0                           0                           97156836907392              94356903140384              444               0.997        0.789        0.185        0.000        0.000        0.000        0.000        0.000        3504038                     2554223                     0                           0                           
GPU 0     1410         1512         0                           73                71           253.959           22368816255             0            N/A          100               0                 0                 0                 0.000             99.000            0                 0                 0                 0                           0                           0                           97156836907392              94356903140384              444               0.997        0.789        0.185        0.000        0.000        0.000        0.000        0.000        7233884                     5051173                     0                           0                           
GPU 0     1410         1512         0                           75                71           255.311           22368841931             0            N/A          100               0                 0                 0                 0.000             99.000            0                 0                 0                 0                           0                           0                           97156836907392              94356903140384              444               0.998        0.790        0.186        0.000        0.000        0.000        0.000        0.000        3061785                     2234810                     0                           0                           
GPU 0     1410         1512         0                           74                71           253.254           22368867521             0            N/A          100               0                 0                 0                 0.000             99.000            0                 0                 0                 0                           0                           0                           97156836907392              94356903140384              444               0.998        0.790        0.185        0.000        0.000        0.000        0.000        0.000        7720315                     5266827                     0                           0                           
GPU 0     1410         1512         0                           75                71           253.640           22368892953             0            N/A          100               0                 0                 0                 0.000             99.000            0                 0                 0                 0                           0                           0                           97156836907392              94356903140384              444               0.997        0.000        0.000        0.000        0.000        0.000        0.000        0.000        6473282                     4575393                     0                           0                           
GPU 0     1410         1512         0                           74                71           255.503           22368918629             0            N/A          100               0                 0                 0                 0.000             99.000            0                 0                 0                 0                           0                           0                           97156836907392              94356903140384              444               0.997        0.783        0.183        0.000        0.000        0.000        0.000        0.000        6850354                     4850511                     0                           0                           
GPU 0     1410         1512         0                           74                71           253.174           22368944152             0            N/A          100               0                 0                 0                 0.000             99.000            0                 0                 0                 0                           0                           0                           97156836907392              94356903140384              444               0.998        0.791        0.186        0.000        0.000        0.000        0.000        0.000        6954659                     4883420                     0                           0                           
GPU 0     1410         1512         0                           73                71           253.272           22368969626             0            N/A          100               0                 0                 0                 0.000             99.000            0                 0                 0                 0                           0                           0                           97156836907392              94356903140384              444               0.997        0.789        0.185        0.000        0.000        0.000        0.000        0.000        7174921                     5003876                     0                           0                           
GPU 0     1410         1512         0                           74                71           255.612           22368995192             0            N/A          100               0                 0                 0                 0.000             99.000            0                 0                 0                 0                           0                           0                           97156836907392              94356903140384              444               0.998        0.792        0.186        0.000        0.000        0.000        0.000        0.000        7811142                     5393477                     0                           0                           
GPU 0     1410         1512         0                           75                71           254.054           22369020697             0            N/A          100               0                 0                 0                 0.000             99.000            0                 0                 0                 0                           0                           0                           97156836907392              94356903140384              444               0.998        0.794        0.187        0.000        0.000        0.000        0.000        0.000        7343680                     5125152                     0                           0                           
GPU 0     1410         1512         0                           74                71           255.310           22369046332             0            N/A          100               0                 0                 0                 0.000             99.000            0                 0                 0                 0                           0                           0                           97156836907392              94356903140384              444               0.998        0.000        0.000        0.000        0.000        0.000        0.000        0.000        6640461                     4626394                     0                           0                           
GPU 0     1410         1512         0                           74                71           252.858           22369071807             0            N/A          100               0                 0                 0                 0.000             99.000            0                 0                 0                 0                           0                           0                           97156836907392              94356903140384              444               0.998        0.785        0.183        0.000        0.000        0.000        0.000        0.000        6933665                     4860901                     0                           0                           
GPU 0     1410         1512         0                           74                71           253.958           22369097289             0            N/A          100               0                 0                 0                 0.000             99.000            0                 0                 0                 0                           0                           0                           97156836907392              94356903140384              444               0.997        0.789        0.185        0.000        0.000        0.000        0.000        0.000        5383129                     4022984                     0                           0                           
#Entity   SMCLK        MMCLK        DVCCTR                      MMTMP             TMPTR        POWER             TOTEC                   PSTAT        FANSP        GPUTL             MCUTL             ECUTL             DCUTL             MUSAM             GUSAM             PVIOL             TVIOL             SBVIO             BLVIO                       LUVIO                       RVIOL                       TAPCV                       TAPBC                       FBUSD             GRACT        SMACT        SMOCC        TENSO        DRAMA        FP64A        FP32A        FP16A        PCITX                       PCIRX                       NVLTX                       NVLRX                       
ID                                                              C                  C            W                 mJ                                                                                                                                                                                                                                                                                                                                                                                                                                                                                                                                                                                                       
GPU 0     1410         1512         0                           73                71           255.311           22369122972             0            N/A          100               0                 0                 0                 0.000             99.000            0                 0                 0                 0                           0                           0                           97156836907392              94356903140384              444               0.998        0.790        0.186        0.000        0.000        0.000        0.000        0.000        7167451                     4978288                     0                           0                           
GPU 0     1410         1512         0                           73                71           253.158           22369122972             0            N/A          100               0                 0                 0                 0.000             99.000            0                 0                 0                 0                           0                           0                           97156836907392              94356903140384              444               0.997        0.795        0.188        0.000        0.000        0.000        0.000        0.000        5321648                     3987201                     0                           0                           
GPU 0     1410         1512         0                           73                71           255.295           22369148443             0            N/A          100               0                 0                 0                 0.000             99.000            0                 0                 0                 0                           0                           0                           97156836907392              94356903140384              444               0.997        0.795        0.187        0.000        0.000        0.000        0.000        0.000        2586479                     2021444                     0                           0                           
GPU 0     1410         1512         0                           73                71           252.856           22369174112             0            N/A          100               0                 0                 0                 0.000             99.000            0                 0                 0                 0                           0                           0                           97156836907392              94356903140384              444               0.998        0.000        0.000        0.000        0.000        0.000        0.000        0.000        7377440                     5144468                     0                           0                           
GPU 0     1410         1512         0                           74                71           253.958           22369199591             0            N/A          100               0                 0                 0                 0.000             99.000            0                 0                 0                 0                           0                           0                           97156836907392              94356903140384              444               0.997        0.790        0.186        0.000        0.000        0.000        0.000        0.000        4805697                     3406287                     0                           0                           
GPU 0     1410         1512         0                           74                71           253.845           22369225101             0            N/A          100               0                 0                 0                 0.000             99.000            0                 0                 0                 0                           0                           0                           97156836907392              94356903140384              444               0.997        0.790        0.185        0.000        0.000        0.000        0.000        0.000        2513256                     1956345                     0                           0                           
GPU 0     1410         1512         0                           75                71           253.941           22369251012             0            N/A          100               0                 0                 0                 0.000             99.000            0                 0                 0                 0                           0                           0                           97156836907392              94356903140384              444               0.997        0.790        0.185        0.000        0.000        0.000        0.000        0.000        4542749                     3447746                     0                           0                           
GPU 0     1410         1512         0                           75                71           253.464           22369301724             0            N/A          100               0                 0                 0                 0.000             99.000            0                 0                 0                 0                           0                           0                           97156836907392              94356903140384              444               0.997        0.790        0.186        0.000        0.000        0.000        0.000        0.000        6424259                     4591082                     0                           0                           
GPU 0     1410         1512         0                           73                71           255.708           22369327426             0            N/A          100               0                 0                 0                 0.000             99.000            0                 0                 0                 0                           0                           0                           97156836907392              94356903140384              444               0.997        0.791        0.187        0.000        0.000        0.000        0.000        0.000        5901444                     4085323                     0                           0                           
GPU 0     1410         1512         0                           73                71           253.350           22369352911             0            N/A          100               0                 0                 0                 0.000             99.000            0                 0                 0                 0                           0                           0                           97156836907392              94356903140384              444               0.998        0.000        0.000        0.000        0.000        0.000        0.000        0.000        6809100                     4754856                     0                           0                           
GPU 0     1410         1512         0                           75                71           252.683           22369378397             0            N/A          100               0                 0                 0                 0.000             99.000            0                 0                 0                 0                           0                           0                           97156836907392              94356903140384              444               0.998        0.786        0.183        0.000        0.000        0.000        0.000        0.000        5633603                     3946883                     0                           0                           
GPU 0     1410         1512         0                           75                71           256.186           22369403987             0            N/A          100               0                 0                 0                 0.000             99.000            0                 0                 0                 0                           0                           0                           97156836907392              94356903140384              444               0.998        0.791        0.186        0.000        0.000        0.000        0.000        0.000        6900059                     4804653                     0                           0                           
GPU 0     1410         1512         0                           73                71           253.845           22369429515             0            N/A          100               0                 0                 0                 0.000             99.000            0                 0                 0                 0                           0                           0                           97156836907392              94356903140384              444               0.997        0.788        0.185        0.000        0.000        0.000        0.000        0.000        5466706                     3836519                     0                           0                           
GPU 0     1410         1512         0                           73                71           256.267           22369455154             0            N/A          100               0                 0                 0                 0.000             99.000            0                 0                 0                 0                           0                           0                           97156836907392              94356903140384              444               0.997        0.790        0.186        0.000        0.000        0.000        0.000        0.000        6881484                     4819427                     0                           0                           
#Entity   SMCLK        MMCLK        DVCCTR                      MMTMP             TMPTR        POWER             TOTEC                   PSTAT        FANSP        GPUTL             MCUTL             ECUTL             DCUTL             MUSAM             GUSAM             PVIOL             TVIOL             SBVIO             BLVIO                       LUVIO                       RVIOL                       TAPCV                       TAPBC                       FBUSD             GRACT        SMACT        SMOCC        TENSO        DRAMA        FP64A        FP32A        FP16A        PCITX                       PCIRX                       NVLTX                       NVLRX                       
ID                                                              C                  C            W                 mJ                                                                                                                                                                                                                                                                                                                                                                                                                                                                                                                                                                                                       
GPU 0     1410         1512         0                           74                71           253.254           22369480651             0            N/A          100               0                 0                 0                 0.000             99.000            0                 0                 0                 0                           0                           0                           97156836907392              94356903140384              444               0.998        0.790        0.186        0.000        0.000        0.000        0.000        0.000        3191781                     2389772                     0                           0                           
GPU 0     1410         1512         0                           74                71           252.791           22369506138             0            N/A          100               0                 0                 0                 0.000             99.000            0                 0                 0                 0                           0                           0                           97156836907392              94356903140384              444               0.997        0.000        0.000        0.000        0.000        0.000        0.000        0.000        7103651                     5018952                     0                           0                           
GPU 0     1410         1512         0                           74                71           255.901           22369531775             0            N/A          100               0                 0                 0                 0.000             99.000            0                 0                 0                 0                           0                           0                           97156836907392              94356903140384              444               0.998        0.781        0.183        0.000        0.000        0.000        0.000        0.000        883269                      1018137                     0                           0                           
GPU 0     1410         1512         0                           74                71           253.844           22369557378             0            N/A          100               0                 0                 0                 0.000             99.000            0                 0                 0                 0                           0                           0                           97156836907392              94356903140384              444               0.998        0.790        0.185        0.000        0.000        0.000        0.000        0.000        3109894                     2332429                     0                           0                           
GPU 0     1410         1512         0                           75                71           252.586           22369582775             0            N/A          100               0                 0                 0                 0.000             99.000            0                 0                 0                 0                           0                           0                           97156836907392              94356903140384              444               0.997        0.793        0.187        0.000        0.000        0.000        0.000        0.000        7958424                     5731971                     0                           0                           
GPU 0     1410         1512         0                           73                71           255.982           22369608497             0            N/A          100               0                 0                 0                 0.000             99.000            0                 0                 0                 0                           0                           0                           97156836907392              94356903140384              444               0.997        0.790        0.185        0.000        0.000        0.000        0.000        0.000        3069196                     2332545                     0                           0                           
GPU 0     1410         1512         0                           75                71           253.844           22369633986             0            N/A          100               0                 0                 0                 0.000             99.000            0                 0                 0                 0                           0                           0                           97156836907392              94356903140384              444               0.997        0.791        0.186        0.000        0.000        0.000        0.000        0.000        6374892                     4528410                     0                           0                           
GPU 0     1410         1512         0                           73                71           252.462           22369659583             0            N/A          100               0                 0                 0                 0.000             99.000            0                 0                 0                 0                           0                           0                           97156836907392              94356903140384              444               0.997        0.000        0.000        0.000        0.000        0.000        0.000        0.000        5730639                     4232409                     0                           0                           
GPU 0     1410         1512         0                           74                71           254.704           22369685131             0            N/A          100               0                 0                 0                 0.000             99.000            0                 0                 0                 0                           0                           0                           97156836907392              94356903140384              444               0.998        0.787        0.183        0.000        0.000        0.000        0.000        0.000        6148914                     4423988                     0                           0                           
GPU 0     1410         1512         0                           74                71           253.941           22369710600             0            N/A          100               0                 0                 0                 0.000             99.000            0                 0                 0                 0                           0                           0                           97156836907392              94356903140384              444               0.997        0.789        0.185        0.000        0.000        0.000        0.000        0.000        4689526                     3609203                     0                           0                           
GPU 0     1410         1512         0                           75                71           255.982           22369736221             0            N/A          100               0                 0                 0                 0.000             99.000            0                 0                 0                 0                           0                           0                           97156836907392              94356903140384              444               0.997        0.789        0.185        0.000        0.000        0.000        0.000        0.000        4689526                     3609203                     0                           0                           
GPU 0     1410         1512         0                           75                71           253.447           22369761770             0            N/A          100               0                 0                 0                 0.000             99.000            0                 0                 0                 0                           0                           0                           97156836907392              94356903140384              444               0.997        0.790        0.186        0.000        0.000        0.000        0.000        0.000        2222717                     1857499                     0                           0                           
GPU 0     1410         1512         0                           74                71           252.984           22369787219             0            N/A          100               0                 0                 0                 0.000             99.000            0                 0                 0                 0                           0                           0                           97156836907392              94356903140384              444               0.998        0.791        0.187        0.000        0.000        0.000        0.000        0.000        4714509                     3609464                     0                           0                           
GPU 0     1410         1512         0                           74                71           256.186           22369812852             0            N/A          100               0                 0                 0                 0.000             99.000            0                 0                 0                 0                           0                           0                           97156836907392              94356903140384              444               0.997        0.783        0.184        0.000        0.000        0.000        0.000        0.000        3140005                     2435359                     0                           0                           
#Entity   SMCLK        MMCLK        DVCCTR                      MMTMP             TMPTR        POWER             TOTEC                   PSTAT        FANSP        GPUTL             MCUTL             ECUTL             DCUTL             MUSAM             GUSAM             PVIOL             TVIOL             SBVIO             BLVIO                       LUVIO                       RVIOL                       TAPCV                       TAPBC                       FBUSD             GRACT        SMACT        SMOCC        TENSO        DRAMA        FP64A        FP32A        FP16A        PCITX                       PCIRX                       NVLTX                       NVLRX                       
ID                                                              C                  C            W                 mJ                                                                                                                                                                                                                                                                                                                                                                                                                                                                                                                                                                                                       
GPU 0     1410         1512         0                           74                71           253.543           22369838339             0            N/A          100               0                 0                 0                 0.000             99.000            0                 0                 0                 0                           0                           0                           97156836907392              94356903140384              444               0.998        0.000        0.000        0.000        0.000        0.000        0.000        0.000        3413190                     2529217                     0                           0                           
GPU 0     1410         1512         0                           75                71           253.740           22369864012             0            N/A          100               0                 0                 0                 0.000             99.000            0                 0                 0                 0                           0                           0                           97156836907392              94356903140384              444               0.998        0.796        0.186        0.000        0.000        0.000        0.000        0.000        3951914                     3002818                     0                           0                           
GPU 0     1410         1512         0                           73                71           253.447           22369889497             0            N/A          100               0                 0                 0                 0.000             99.000            0                 0                 0                 0                           0                           0                           97156836907392              94356903140384              444               0.997        0.788        0.185        0.000        0.000        0.000        0.000        0.000        4784847                     3474359                     0                           0                           
GPU 0     1410         1512         0                           74                71           253.543           22369915023             0            N/A          100               0                 0                 0                 0.000             99.000            0                 0                 0                 0                           0                           0                           97156836907392              94356903140384              444               0.997        0.791        0.187        0.000        0.000        0.000        0.000        0.000        4167311                     3118846                     0                           0                           
GPU 0     1410         1512         0                           73                71           256.190           22369940671             0            N/A          100               0                 0                 0                 0.000             99.000            0                 0                 0                 0                           0                           0                           97156836907392              94356903140384              444               0.997        0.790        0.185        0.000        0.000        0.000        0.000        0.000        7357954                     5123655                     0                           0                           
GPU 0     1410         1512         0                           73                71           255.291           22369966243             0            N/A          100               0                 0                 0                 0.000             99.000            0                 0                 0                 0                           0                           0                           97156836907392              94356903140384              444               0.998        0.794        0.187        0.000        0.000        0.000        0.000        0.000        4159406                     3090446                     0                           0                           
GPU 0     1410         1512         0                           74                71           251.902           22369991707             0            N/A          100               0                 0                 0                 0.000             99.000            0                 0                 0                 0                           0                           0                           97156836907392              94356903140384              444               0.997        0.000        0.000        0.000        0.000        0.000        0.000        0.000        7382822                     5189293                     0                           0                           
GPU 0     1410         1512         0                           74                71           256.461           22370017353             0            N/A          100               0                 0                 0                 0.000             99.000            0                 0                 0                 0                           0                           0                           97156836907392              94356903140384              444               0.998        0.796        0.187        0.000        0.000        0.000        0.000        0.000        3888022                     2955292                     0                           0                           
GPU 0     1410         1512         0                           74                71           253.941           22370042841             0            N/A          100               0                 0                 0                 0.000             99.000            0                 0                 0                 0                           0                           0                           97156836907392              94356903140384              444               0.998        0.790        0.185        0.000        0.000        0.000        0.000        0.000        8594072                     5811311                     0                           0                           
GPU 0     1410         1512         0                           74                71           251.793           22370068353             0            N/A          100               0                 0                 0                 0.000             99.000            0                 0                 0                 0                           0                           0                           97156836907392              94356903140384              444               0.997        0.796        0.188        0.000        0.000        0.000        0.000        0.000        4342876                     3176261                     0                           0                           
GPU 0     1410         1512         0                           74                71           256.299           22370093933             0            N/A          100               0                 0                 0                 0.000             99.000            0                 0                 0                 0                           0                           0                           97156836907392              94356903140384              444               0.997        0.790        0.185        0.000        0.000        0.000        0.000        0.000        7670838                     5329464                     0                           0                           
GPU 0     1410         1512         0                           75                71           254.133           22370119550             0            N/A          100               0                 0                 0                 0.000             99.000            0                 0                 0                 0                           0                           0                           97156836907392              94356903140384              444               0.997        0.790        0.185        0.000        0.000        0.000        0.000        0.000        4291203                     3188603                     0                           0                           
GPU 0     1410         1512         0                           73                71           251.887           22370145145             0            N/A          100               0                 0                 0                 0.000             99.000            0                 0                 0                 0                           0                           0                           97156836907392              94356903140384              444               0.998        0.000        0.000        0.000        0.000        0.000        0.000        0.000        6966284                     4908286                     0                           0                           
GPU 0     1410         1512         0                           74                71           255.791           22370170710             0            N/A          100               0                 0                 0                 0.000             99.000            0                 0                 0                 0                           0                           0                           97156836907392              94356903140384              444               0.997        0.796        0.187        0.000        0.000        0.000        0.000        0.000        4148297                     3112955                     0                           0                           
#Entity   SMCLK        MMCLK        DVCCTR                      MMTMP             TMPTR        POWER             TOTEC                   PSTAT        FANSP        GPUTL             MCUTL             ECUTL             DCUTL             MUSAM             GUSAM             PVIOL             TVIOL             SBVIO             BLVIO                       LUVIO                       RVIOL                       TAPCV                       TAPBC                       FBUSD             GRACT        SMACT        SMOCC        TENSO        DRAMA        FP64A        FP32A        FP16A        PCITX                       PCIRX                       NVLTX                       NVLRX                       
ID                                                              C                  C            W                 mJ                                                                                                                                                                                                                                                                                                                                                                                                                                                                                                                                                                                                       
GPU 0     1410         1512         0                           73                71           251.995           22370195989             0            N/A          100               0                 0                 0                 0.000             99.000            0                 0                 0                 0                           0                           0                           97156836907392              94356903140384              444               0.997        0.790        0.186        0.000        0.000        0.000        0.000        0.000        6305895                     4424050                     0                           0                           
GPU 0     1410         1512         0                           73                71           255.791           22370221672             0            N/A          100               0                 0                 0                 0.000             99.000            0                 0                 0                 0                           0                           0                           97156836907392              94356903140384              444               0.997        0.790        0.186        0.000        0.000        0.000        0.000        0.000        2534759                     2002324                     0                           0                           
GPU 0     1410         1512         0                           75                71           254.927           22370247265             0            N/A          100               0                 0                 0                 0.000             99.000            0                 0                 0                 0                           0                           0                           97156836907392              94356903140384              444               0.998        0.790        0.186        0.000        0.000        0.000        0.000        0.000        6637734                     4738917                     0                           0                           
GPU 0     1410         1512         0                           74                71           252.089           22370272717             0            N/A          100               0                 0                 0                 0.000             99.000            0                 0                 0                 0                           0                           0                           97156836907392              94356903140384              444               0.997        0.792        0.187        0.000        0.000        0.000        0.000        0.000        4740092                     3524976                     0                           0                           
GPU 0     1410         1512         0                           73                71           254.609           22370298188             0            N/A          100               0                 0                 0                 0.000             99.000            0                 0                 0                 0                           0                           0                           97156836907392              94356903140384              444               0.997        0.000        0.000        0.000        0.000        0.000        0.000        0.000        3217243                     2357699                     0                           0                           
GPU 0     1410         1512         0                           73                71           252.090           22370323632             0            N/A          100               0                 0                 0                 0.000             99.000            0                 0                 0                 0                           0                           0                           97156836907392              94356903140384              444               0.997        0.782        0.184        0.000        0.000        0.000        0.000        0.000        5630437                     4056366                     0                           0                           
GPU 0     1410         1512         0                           73                71           255.493           22370349161             0            N/A          100               0                 0                 0                 0.000             99.000            0                 0                 0                 0                           0                           0                           97156836907392              94356903140384              444               0.998        0.790        0.186        0.000        0.000        0.000        0.000        0.000        3216504                     2357197                     0                           0                           
GPU 0     1410         1512         0                           74                71           254.927           22370374842             0            N/A          100               0                 0                 0                 0.000             99.000            0                 0                 0                 0                           0                           0                           97156836907392              94356903140384              444               0.998        0.795        0.188        0.000        0.000        0.000        0.000        0.000        5038247                     3810398                     0                           0                           
GPU 0     1410         1512         0                           75                71           254.927           22370425920             0            N/A          100               0                 0                 0                 0.000             99.000            0                 0                 0                 0                           0                           0                           97156836907392              94356903140384              444               0.998        0.790        0.186        0.000        0.000        0.000        0.000        0.000        5541934                     3819641                     0                           0                           
GPU 0     1410         1512         0                           73                71           254.917           22370425920             0            N/A          100               0                 0                 0                 0.000             99.000            0                 0                 0                 0                           0                           0                           97156836907392              94356903140384              444               0.998        0.790        0.186        0.000        0.000        0.000        0.000        0.000        5436751                     4039263                     0                           0                           
GPU 0     1410         1512         0                           73                71           254.927           22370451433             0            N/A          100               0                 0                 0                 0.000             99.000            0                 0                 0                 0                           0                           0                           97156836907392              94356903140384              444               0.997        0.000        0.000        0.000        0.000        0.000        0.000        0.000        6594446                     4718533                     0                           0                           
GPU 0     1410         1512         0                           73                71           252.569           22370476924             0            N/A          100               0                 0                 0                 0.000             99.000            0                 0                 0                 0                           0                           0                           97156836907392              94356903140384              444               0.997        0.000        0.000        0.000        0.000        0.000        0.000        0.000        6594446                     4718533                     0                           0                           
GPU 0     1410         1512         0                           74                71           254.344           22370502487             0            N/A          100               0                 0                 0                 0.000             99.000            0                 0                 0                 0                           0                           0                           97156836907392              94356903140384              444               0.997        0.781        0.183        0.000        0.000        0.000        0.000        0.000        1876369                     1581110                     0                           0                           
GPU 0     1410         1512         0                           74                71           252.569           22370527851             0            N/A          100               0                 0                 0                 0.000             99.000            0                 0                 0                 0                           0                           0                           97156836907392              94356903140384              444               0.998        0.790        0.186        0.000        0.000        0.000        0.000        0.000        5468042                     4068250                     0                           0                           
#Entity   SMCLK        MMCLK        DVCCTR                      MMTMP             TMPTR        POWER             TOTEC                   PSTAT        FANSP        GPUTL             MCUTL             ECUTL             DCUTL             MUSAM             GUSAM             PVIOL             TVIOL             SBVIO             BLVIO                       LUVIO                       RVIOL                       TAPCV                       TAPBC                       FBUSD             GRACT        SMACT        SMOCC        TENSO        DRAMA        FP64A        FP32A        FP16A        PCITX                       PCIRX                       NVLTX                       NVLRX                       
ID                                                              C                  C            W                 mJ                                                                                                                                                                                                                                                                                                                                                                                                                                                                                                                                                                                                       
GPU 0     1410         1512         0                           73                71           253.271           22370553324             0            N/A          100               0                 0                 0                 0.000             99.000            0                 0                 0                 0                           0                           0                           97156836907392              94356903140384              444               0.998        0.790        0.186        0.000        0.000        0.000        0.000        0.000        3492600                     2596599                     0                           0                           
GPU 0     1410         1512         0                           74                71           253.921           22370578785             0            N/A          100               0                 0                 0                 0.000             99.000            0                 0                 0                 0                           0                           0                           97156836907392              94356903140384              444               0.998        0.790        0.185        0.000        0.000        0.000        0.000        0.000        1178752                     1219728                     0                           0                           
GPU 0     1410         1512         0                           73                71           254.535           22370604297             0            N/A          100               0                 0                 0                 0.000             99.000            0                 0                 0                 0                           0                           0                           97156836907392              94356903140384              444               0.997        0.791        0.186        0.000        0.000        0.000        0.000        0.000        6548199                     4431296                     0                           0                           
GPU 0     1410         1512         0                           75                71           254.911           22370630033             0            N/A          100               0                 0                 0                 0.000             99.000            0                 0                 0                 0                           0                           0                           97156836907392              94356903140384              444               0.997        0.000        0.000        0.000        0.000        0.000        0.000        0.000        6873311                     4711617                     0                           0                           
GPU 0     1410         1512         0                           73                71           252.778           22370655476             0            N/A          100               0                 0                 0                 0.000             99.000            0                 0                 0                 0                           0                           0                           97156836907392              94356903140384              444               0.998        0.793        0.187        0.000        0.000        0.000        0.000        0.000        7231956                     4769684                     0                           0                           
GPU 0     1410         1512         0                           73                71           253.368           22370681034             0            N/A          100               0                 0                 0                 0.000             99.000            0                 0                 0                 0                           0                           0                           97156836907392              94356903140384              444               0.997        0.790        0.185        0.000        0.000        0.000        0.000        0.000        5416537                     4042071                     0                           0                           
GPU 0     1410         1512         0                           73                71           253.061           22370706510             0            N/A          100               0                 0                 0                 0.000             99.000            0                 0                 0                 0                           0                           0                           97156836907392              94356903140384              444               0.997        0.791        0.186        0.000        0.000        0.000        0.000        0.000        6826789                     4604076                     0                           0                           
GPU 0     1410         1512         0                           74                71           254.230           22370732029             0            N/A          100               0                 0                 0                 0.000             99.000            0                 0                 0                 0                           0                           0                           97156836907392              94356903140384              444               0.998        0.790        0.186        0.000        0.000        0.000        0.000        0.000        4925938                     3764128                     0                           0                           
GPU 0     1410         1512         0                           73                71           255.789           22370757678             0            N/A          100               0                 0                 0                 0.000             99.000            0                 0                 0                 0                           0                           0                           97156836907392              94356903140384              444               0.997        0.789        0.186        0.000        0.000        0.000        0.000        0.000        4915260                     3342581                     0                           0                           
GPU 0     1410         1512         0                           73                71           253.254           22370783088             0            N/A          100               0                 0                 0                 0.000             99.000            0                 0                 0                 0                           0                           0                           97156836907392              94356903140384              444               0.997        0.000        0.000        0.000        0.000        0.000        0.000        0.000        4965174                     3777912                     0                           0                           
GPU 0     1410         1512         0                           73                71           252.968           22370808601             0            N/A          100               0                 0                 0                 0.000             99.000            0                 0                 0                 0                           0                           0                           97156836907392              94356903140384              444               0.998        0.798        0.187        0.000        0.000        0.000        0.000        0.000        6450026                     4555808                     0                           0                           
GPU 0     1410         1512         0                           75                71           256.078           22370834203             0            N/A          100               0                 0                 0                 0.000             99.000            0                 0                 0                 0                           0                           0                           97156836907392              94356903140384              444               0.998        0.795        0.187        0.000        0.000        0.000        0.000        0.000        2942381                     2209696                     0                           0                           
GPU 0     1410         1512         0                           75                71           253.256           22370859648             0            N/A          100               0                 0                 0                 0.000             99.000            0                 0                 0                 0                           0                           0                           97156836907392              94356903140384              444               0.997        0.791        0.186        0.000        0.000        0.000        0.000        0.000        8916636                     6171270                     0                           0                           
GPU 0     1410         1512         0                           75                71           255.790           22370885328             0            N/A          100               0                 0                 0                 0.000             99.000            0                 0                 0                 0                           0                           0                           97156836907392              94356903140384              444               0.997        0.783        0.184        0.000        0.000        0.000        0.000        0.000        3653680                     2596766                     0                           0                           
#Entity   SMCLK        MMCLK        DVCCTR                      MMTMP             TMPTR        POWER             TOTEC                   PSTAT        FANSP        GPUTL             MCUTL             ECUTL             DCUTL             MUSAM             GUSAM             PVIOL             TVIOL             SBVIO             BLVIO                       LUVIO                       RVIOL                       TAPCV                       TAPBC                       FBUSD             GRACT        SMACT        SMOCC        TENSO        DRAMA        FP64A        FP32A        FP16A        PCITX                       PCIRX                       NVLTX                       NVLRX                       
ID                                                              C                  C            W                 mJ                                                                                                                                                                                                                                                                                                                                                                                                                                                                                                                                                                                                       
GPU 0     1410         1512         0                           73                71           253.351           22370910827             0            N/A          100               0                 0                 0                 0.000             99.000            0                 0                 0                 0                           0                           0                           97156836907392              94356903140384              444               0.998        0.792        0.186        0.000        0.000        0.000        0.000        0.000        8386755                     5618738                     0                           0                           
GPU 0     1410         1512         0                           74                71           252.558           22370936311             0            N/A          100               0                 0                 0                 0.000             99.000            0                 0                 0                 0                           0                           0                           97156836907392              94356903140384              444               0.998        0.000        0.000        0.000        0.000        0.000        0.000        0.000        3028737                     2178951                     0                           0                           
GPU 0     1410         1512         0                           73                71           255.997           22370961952             0            N/A          100               0                 0                 0                 0.000             99.000            0                 0                 0                 0                           0                           0                           97156836907392              94356903140384              444               0.997        0.789        0.189        0.000        0.000        0.000        0.000        0.000        7417910                     5172303                     0                           0                           
GPU 0     1410         1512         0                           75                71           253.941           22370987519             0            N/A          100               0                 0                 0                 0.000             99.000            0                 0                 0                 0                           0                           0                           97156836907392              94356903140384              444               0.998        0.795        0.188        0.000        0.000        0.000        0.000        0.000        2116573                     1738843                     0                           0                           
GPU 0     1410         1512         0                           74                71           252.093           22371012930             0            N/A          100               0                 0                 0                 0.000             99.000            0                 0                 0                 0                           0                           0                           97156836907392              94356903140384              444               0.998        0.795        0.187        0.000        0.000        0.000        0.000        0.000        7674062                     5308403                     0                           0                           
GPU 0     1410         1512         0                           75                71           254.415           22371037904             0            N/A          100               0                 0                 0                 0.000             99.000            0                 0                 0                 0                           0                           0                           97156836907392              94356903140384              444               0.998        0.790        0.186        0.000        0.000        0.000        0.000        0.000        1154069                     1227720                     0                           0                           
GPU 0     1410         1512         0                           73                71           252.968           22371063365             0            N/A          100               0                 0                 0                 0.000             99.000            0                 0                 0                 0                           0                           0                           97156836907392              94356903140384              444               0.998        0.790        0.185        0.000        0.000        0.000        0.000        0.000        8294981                     5667016                     0                           0                           
GPU 0     1410         1512         0                           74                71           255.982           22371088986             0            N/A          100               0                 0                 0                 0.000             99.000            0                 0                 0                 0                           0                           0                           97156836907392              94356903140384              444               0.998        0.000        0.000        0.000        0.000        0.000        0.000        0.000        1145796                     1194883                     0                           0                           
GPU 0     1410         1512         0                           73                71           252.888           22371114480             0            N/A          100               0                 0                 0                 0.000             99.000            0                 0                 0                 0                           0                           0                           97156836907392              94356903140384              444               0.998        0.775        0.178        0.000        0.000        0.000        0.000        0.000        7471229                     4995967                     0                           0                           
GPU 0     1410         1512         0                           73                71           253.756           22371140112             0            N/A          100               0                 0                 0                 0.000             99.000            0                 0                 0                 0                           0                           0                           97156836907392              94356903140384              444               0.998        0.790        0.186        0.000        0.000        0.000        0.000        0.000        1227731                     1252255                     0                           0                           
GPU 0     1410         1512         0                           75                71           253.941           22371165574             0            N/A          100               0                 0                 0                 0.000             99.000            0                 0                 0                 0                           0                           0                           97156836907392              94356903140384              444               0.998        0.790        0.185        0.000        0.000        0.000        0.000        0.000        6878782                     4790606                     0                           0                           
GPU 0     1410         1512         0                           73                71           252.365           22371191001             0            N/A          100               0                 0                 0                 0.000             99.000            0                 0                 0                 0                           0                           0                           97156836907392              94356903140384              444               0.997        0.795        0.188        0.000        0.000        0.000        0.000        0.000        1227744                     1260483                     0                           0                           
GPU 0     1410         1512         0                           75                71           254.925           22371216524             0            N/A          100               0                 0                 0                 0.000             99.000            0                 0                 0                 0                           0                           0                           97156836907392              94356903140384              444               0.998        0.794        0.186        0.000        0.000        0.000        0.000        0.000        8325309                     5538861                     0                           0                           
GPU 0     1410         1512         0                           73                71           253.446           22371242096             0            N/A          100               0                 0                 0                 0.000             99.000            0                 0                 0                 0                           0                           0                           97156836907392              94356903140384              444               0.998        0.000        0.000        0.000        0.000        0.000        0.000        0.000        1395447                     1329379                     0                           0                           
#Entity   SMCLK        MMCLK        DVCCTR                      MMTMP             TMPTR        POWER             TOTEC                   PSTAT        FANSP        GPUTL             MCUTL             ECUTL             DCUTL             MUSAM             GUSAM             PVIOL             TVIOL             SBVIO             BLVIO                       LUVIO                       RVIOL                       TAPCV                       TAPBC                       FBUSD             GRACT        SMACT        SMOCC        TENSO        DRAMA        FP64A        FP32A        FP16A        PCITX                       PCIRX                       NVLTX                       NVLRX                       
ID                                                              C                  C            W                 mJ                                                                                                                                                                                                                                                                                                                                                                                                                                                                                                                                                                                                       
GPU 0     1410         1512         0                           75                71           256.488           22371267676             0            N/A          100               0                 0                 0                 0.000             99.000            0                 0                 0                 0                           0                           0                           97156836907392              94356903140384              444               0.998        0.790        0.184        0.000        0.000        0.000        0.000        0.000        7603670                     5240836                     0                           0                           
GPU 0     1410         1512         0                           73                71           254.241           22371293200             0            N/A          100               0                 0                 0                 0.000             99.000            0                 0                 0                 0                           0                           0                           97156836907392              94356903140384              444               0.998        0.792        0.187        0.000        0.000        0.000        0.000        0.000        703922                      924919                      0                           0                           
GPU 0     1410         1512         0                           74                71           251.697           22371318643             0            N/A          100               0                 0                 0                 0.000             99.000            0                 0                 0                 0                           0                           0                           97156836907392              94356903140384              444               0.998        0.794        0.187        0.000        0.000        0.000        0.000        0.000        8084295                     5460677                     0                           0                           
GPU 0     1410         1512         0                           73                71           256.299           22371344178             0            N/A          100               0                 0                 0                 0.000             99.000            0                 0                 0                 0                           0                           0                           97156836907392              94356903140384              444               0.997        0.797        0.189        0.000        0.000        0.000        0.000        0.000        2432028                     2088102                     0                           0                           
GPU 0     1410         1512         0                           73                71           251.791           22371369780             0            N/A          100               0                 0                 0                 0.000             99.000            0                 0                 0                 0                           0                           0                           97156836907392              94356903140384              444               0.998        0.797        0.189        0.000        0.000        0.000        0.000        0.000        7098991                     4955523                     0                           0                           
GPU 0     1410         1512         0                           74                71           256.300           22371395319             0            N/A          100               0                 0                 0                 0.000             99.000            0                 0                 0                 0                           0                           0                           97156836907392              94356903140384              444               0.998        0.000        0.000        0.000        0.000        0.000        0.000        0.000        5390745                     4030599                     0                           0                           
GPU 0     1410         1512         0                           75                71           254.432           22371420708             0            N/A          100               0                 0                 0                 0.000             99.000            0                 0                 0                 0                           0                           0                           97156836907392              94356903140384              444               0.998        0.800        0.190        0.000        0.000        0.000        0.000        0.000        6996733                     4913875                     0                           0                           
GPU 0     1410         1512         0                           74                71           254.453           22371446254             0            N/A          100               0                 0                 0                 0.000             99.000            0                 0                 0                 0                           0                           0                           97156836907392              94356903140384              444               0.998        0.795        0.188        0.000        0.000        0.000        0.000        0.000        5302062                     3990675                     0                           0                           
GPU 0     1410         1512         0                           75                71           254.215           22371497238             0            N/A          100               0                 0                 0                 0.000             99.000            0                 0                 0                 0                           0                           0                           97156836907392              94356903140384              444               0.998        0.790        0.185        0.000        0.000        0.000        0.000        0.000        7481017                     5167889                     0                           0                           
GPU 0     1410         1512         0                           74                71           251.993           22371522778             0            N/A          100               0                 0                 0                 0.000             99.000            0                 0                 0                 0                           0                           0                           97156836907392              94356903140384              444               0.998        0.790        0.185        0.000        0.000        0.000        0.000        0.000        5263536                     3970144                     0                           0                           
GPU 0     1410         1512         0                           73                71           254.022           22371548360             0            N/A          100               0                 0                 0                 0.000             99.000            0                 0                 0                 0                           0                           0                           97156836907392              94356903140384              444               0.998        0.790        0.185        0.000        0.000        0.000        0.000        0.000        5263536                     3970144                     0                           0                           
GPU 0     1410         1512         0                           73                71           252.281           22371573830             0            N/A          100               0                 0                 0                 0.000             99.000            0                 0                 0                 0                           0                           0                           97156836907392              94356903140384              444               0.997        0.790        0.185        0.000        0.000        0.000        0.000        0.000        2886206                     2186824                     0                           0                           
GPU 0     1410         1512         0                           74                71           254.932           22371599303             0            N/A          100               0                 0                 0                 0.000             99.000            0                 0                 0                 0                           0                           0                           97156836907392              94356903140384              444               0.998        0.000        0.000        0.000        0.000        0.000        0.000        0.000        5222449                     3937236                     0                           0                           
GPU 0     1410         1512         0                           73                71           254.735           22371624931             0            N/A          100               0                 0                 0                 0.000             99.000            0                 0                 0                 0                           0                           0                           97156836907392              94356903140384              444               0.998        0.800        0.188        0.000        0.000        0.000        0.000        0.000        4295925                     3160513                     0                           0                           
#Entity   SMCLK        MMCLK        DVCCTR                      MMTMP             TMPTR        POWER             TOTEC                   PSTAT        FANSP        GPUTL             MCUTL             ECUTL             DCUTL             MUSAM             GUSAM             PVIOL             TVIOL             SBVIO             BLVIO                       LUVIO                       RVIOL                       TAPCV                       TAPBC                       FBUSD             GRACT        SMACT        SMOCC        TENSO        DRAMA        FP64A        FP32A        FP16A        PCITX                       PCIRX                       NVLTX                       NVLRX                       
ID                                                              C                  C            W                 mJ                                                                                                                                                                                                                                                                                                                                                                                                                                                                                                                                                                                                       
GPU 0     1410         1512         0                           73                71           254.836           22371650394             0            N/A          100               0                 0                 0                 0.000             99.000            0                 0                 0                 0                           0                           0                           97156836907392              94356903140384              444               0.998        0.791        0.186        0.000        0.000        0.000        0.000        0.000        2175169                     1736228                     0                           0                           
GPU 0     1410         1512         0                           73                71           255.023           22371675964             0            N/A          100               0                 0                 0                 0.000             99.000            0                 0                 0                 0                           0                           0                           97156836907392              94356903140384              444               0.998        0.790        0.186        0.000        0.000        0.000        0.000        0.000        5033784                     3627298                     0                           0                           
GPU 0     1410         1512         0                           74                71           252.672           22371701556             0            N/A          100               0                 0                 0                 0.000             99.000            0                 0                 0                 0                           0                           0                           97156836907392              94356903140384              444               0.998        0.790        0.185        0.000        0.000        0.000        0.000        0.000        4298753                     3176967                     0                           0                           
GPU 0     1410         1512         0                           74                71           254.247           22371726901             0            N/A          100               0                 0                 0                 0.000             99.000            0                 0                 0                 0                           0                           0                           97156836907392              94356903140384              444               0.998        0.795        0.187        0.000        0.000        0.000        0.000        0.000        5102931                     3629436                     0                           0                           
GPU 0     1410         1512         0                           73                71           252.665           22371752455             0            N/A          100               0                 0                 0                 0.000             99.000            0                 0                 0                 0                           0                           0                           97156836907392              94356903140384              444               0.998        0.000        0.000        0.000        0.000        0.000        0.000        0.000        7039898                     4839221                     0                           0                           
GPU 0     1410         1512         0                           74                71           253.942           22371752455             0            N/A          100               0                 0                 0                 0.000             99.000            0                 0                 0                 0                           0                           0                           97156836907392              94356903140384              444               0.998        0.785        0.183        0.000        0.000        0.000        0.000        0.000        5426759                     3803156                     0                           0                           
GPU 0     1410         1512         0                           74                71           255.596           22371777827             0            N/A          100               0                 0                 0                 0.000             99.000            0                 0                 0                 0                           0                           0                           97156836907392              94356903140384              444               0.998        0.790        0.185        0.000        0.000        0.000        0.000        0.000        5923266                     4286969                     0                           0                           
GPU 0     1410         1512         0                           73                71           254.435           22371803514             0            N/A          100               0                 0                 0                 0.000             99.000            0                 0                 0                 0                           0                           0                           97156836907392              94356903140384              444               0.998        0.794        0.187        0.000        0.000        0.000        0.000        0.000        4041993                     2751153                     0                           0                           
GPU 0     1410         1512         0                           73                71           255.516           22371829038             0            N/A          100               0                 0                 0                 0.000             99.000            0                 0                 0                 0                           0                           0                           97156836907392              94356903140384              444               0.997        0.790        0.186        0.000        0.000        0.000        0.000        0.000        7865932                     5434850                     0                           0                           
GPU 0     1410         1512         0                           74                71           253.254           22371854673             0            N/A          100               0                 0                 0                 0.000             99.000            0                 0                 0                 0                           0                           0                           97156836907392              94356903140384              444               0.997        0.790        0.186        0.000        0.000        0.000        0.000        0.000        5011286                     3515461                     0                           0                           
GPU 0     1410         1512         0                           74                71           252.763           22371880170             0            N/A          100               0                 0                 0                 0.000             99.000            0                 0                 0                 0                           0                           0                           97156836907392              94356903140384              444               0.997        0.000        0.000        0.000        0.000        0.000        0.000        0.000        3578455                     2595614                     0                           0                           
GPU 0     1410         1512         0                           73                71           254.704           22371905694             0            N/A          100               0                 0                 0                 0.000             99.000            0                 0                 0                 0                           0                           0                           97156836907392              94356903140384              444               0.998        0.784        0.182        0.000        0.000        0.000        0.000        0.000        7626934                     5227991                     0                           0                           
GPU 0     1410         1512         0                           73                71           252.879           22371931148             0            N/A          100               0                 0                 0                 0.000             99.000            0                 0                 0                 0                           0                           0                           97156836907392              94356903140384              444               0.998        0.790        0.185        0.000        0.000        0.000        0.000        0.000        3978957                     2791645                     0                           0                           
GPU 0     1410         1512         0                           73                71           253.868           22371956811             0            N/A          100               0                 0                 0                 0.000             99.000            0                 0                 0                 0                           0                           0                           97156836907392              94356903140384              444               0.998        0.790        0.185        0.000        0.000        0.000        0.000        0.000        5201120                     3885439                     0                           0                           
#Entity   SMCLK        MMCLK        DVCCTR                      MMTMP             TMPTR        POWER             TOTEC                   PSTAT        FANSP        GPUTL             MCUTL             ECUTL             DCUTL             MUSAM             GUSAM             PVIOL             TVIOL             SBVIO             BLVIO                       LUVIO                       RVIOL                       TAPCV                       TAPBC                       FBUSD             GRACT        SMACT        SMOCC        TENSO        DRAMA        FP64A        FP32A        FP16A        PCITX                       PCIRX                       NVLTX                       NVLRX                       
ID                                                              C                  C            W                 mJ                                                                                                                                                                                                                                                                                                                                                                                                                                                                                                                                                                                                       
GPU 0     1410         1512         0                           75                71           253.845           22371982318             0            N/A          100               0                 0                 0                 0.000             99.000            0                 0                 0                 0                           0                           0                           97156836907392              94356903140384              444               0.997        0.795        0.187        0.000        0.000        0.000        0.000        0.000        3740299                     2684419                     0                           0                           
GPU 0     1410         1512         0                           73                71           252.374           22372007874             0            N/A          100               0                 0                 0                 0.000             99.000            0                 0                 0                 0                           0                           0                           97156836907392              94356903140384              444               0.998        0.790        0.186        0.000        0.000        0.000        0.000        0.000        5004101                     3775757                     0                           0                           
GPU 0     1410         1512         0                           73                71           256.380           22372033359             0            N/A          100               0                 0                 0                 0.000             99.000            0                 0                 0                 0                           0                           0                           97156836907392              94356903140384              444               0.998        0.000        0.000        0.000        0.000        0.000        0.000        0.000        7089221                     5007178                     0                           0                           
GPU 0     1410         1512         0                           75                71           254.037           22372058866             0            N/A          100               0                 0                 0                 0.000             99.000            0                 0                 0                 0                           0                           0                           97156836907392              94356903140384              444               0.998        0.787        0.187        0.000        0.000        0.000        0.000        0.000        4939786                     3777683                     0                           0                           
GPU 0     1410         1512         0                           73                71           253.785           22372084432             0            N/A          100               0                 0                 0                 0.000             99.000            0                 0                 0                 0                           0                           0                           97156836907392              94356903140384              444               0.998        0.790        0.186        0.000        0.000        0.000        0.000        0.000        6719687                     4779864                     0                           0                           
GPU 0     1410         1512         0                           74                71           253.941           22372109880             0            N/A          100               0                 0                 0                 0.000             99.000            0                 0                 0                 0                           0                           0                           97156836907392              94356903140384              444               0.997        0.791        0.186        0.000        0.000        0.000        0.000        0.000        1554954                     1421560                     0                           0                           
GPU 0     1410         1512         0                           73                71           251.600           22372135339             0            N/A          100               0                 0                 0                 0.000             99.000            0                 0                 0                 0                           0                           0                           97156836907392              94356903140384              444               0.998        0.790        0.185        0.000        0.000        0.000        0.000        0.000        1137657                     1211332                     0                           0                           
GPU 0     1410         1512         0                           73                71           256.189           22372160902             0            N/A          100               0                 0                 0                 0.000             99.000            0                 0                 0                 0                           0                           0                           97156836907392              94356903140384              444               0.998        0.786        0.185        0.000        0.000        0.000        0.000        0.000        4126345                     3066246                     0                           0                           
GPU 0     1410         1512         0                           73                71           253.251           22372186412             0            N/A          100               0                 0                 0                 0.000             99.000            0                 0                 0                 0                           0                           0                           97156836907392              94356903140384              444               0.998        0.000        0.000        0.000        0.000        0.000        0.000        0.000        1096951                     1195173                     0                           0                           
GPU 0     1410         1512         0                           73                71           254.549           22372212018             0            N/A          100               0                 0                 0                 0.000             99.000            0                 0                 0                 0                           0                           0                           97156836907392              94356903140384              444               0.998        0.790        0.186        0.000        0.000        0.000        0.000        0.000        1415975                     1358666                     0                           0                           
GPU 0     1410         1512         0                           73                71           253.846           22372237573             0            N/A          100               0                 0                 0                 0.000             99.000            0                 0                 0                 0                           0                           0                           97156836907392              94356903140384              444               0.998        0.790        0.185        0.000        0.000        0.000        0.000        0.000        1317857                     1285113                     0                           0                           
GPU 0     1410         1512         0                           73                71           253.554           22372263037             0            N/A          100               0                 0                 0                 0.000             99.000            0                 0                 0                 0                           0                           0                           97156836907392              94356903140384              444               0.998        0.790        0.185        0.000        0.000        0.000        0.000        0.000        1317857                     1285113                     0                           0                           
GPU 0     1410         1512         0                           73                71           255.028           22372288744             0            N/A          100               0                 0                 0                 0.000             99.000            0                 0                 0                 0                           0                           0                           97156836907392              94356903140384              444               0.998        0.784        0.183        0.000        0.000        0.000        0.000        0.000        4375271                     3258101                     0                           0                           
GPU 0     1410         1512         0                           73                71           254.424           22372314425             0            N/A          100               0                 0                 0                 0.000             99.000            0                 0                 0                 0                           0                           0                           97156836907392              94356903140384              444               0.998        0.000        0.000        0.000        0.000        0.000        0.000        0.000        1235777                     1252177                     0                           0                           
#Entity   SMCLK        MMCLK        DVCCTR                      MMTMP             TMPTR        POWER             TOTEC                   PSTAT        FANSP        GPUTL             MCUTL             ECUTL             DCUTL             MUSAM             GUSAM             PVIOL             TVIOL             SBVIO             BLVIO                       LUVIO                       RVIOL                       TAPCV                       TAPBC                       FBUSD             GRACT        SMACT        SMOCC        TENSO        DRAMA        FP64A        FP32A        FP16A        PCITX                       PCIRX                       NVLTX                       NVLRX                       
ID                                                              C                  C            W                 mJ                                                                                                                                                                                                                                                                                                                                                                                                                                                                                                                                                                                                       
GPU 0     1410         1512         0                           75                71           255.102           22372340011             0            N/A          100               0                 0                 0                 0.000             99.000            0                 0                 0                 0                           0                           0                           97156836907392              94356903140384              444               0.998        0.783        0.184        0.000        0.000        0.000        0.000        0.000        4320150                     3223487                     0                           0                           
GPU 0     1410         1512         0                           73                71           254.822           22372365596             0            N/A          100               0                 0                 0                 0.000             99.000            0                 0                 0                 0                           0                           0                           97156836907392              94356903140384              444               0.997        0.794        0.186        0.000        0.000        0.000        0.000        0.000        6192057                     4445839                     0                           0                           
GPU 0     1410         1512         0                           73                71           255.584           22372391211             0            N/A          100               0                 0                 0                 0.000             99.000            0                 0                 0                 0                           0                           0                           97156836907392              94356903140384              444               0.998        0.796        0.188        0.000        0.000        0.000        0.000        0.000        5021360                     3594675                     0                           0                           
GPU 0     1410         1512         0                           74                71           253.447           22372416709             0            N/A          100               0                 0                 0                 0.000             99.000            0                 0                 0                 0                           0                           0                           97156836907392              94356903140384              444               0.998        0.791        0.187        0.000        0.000        0.000        0.000        0.000        7415942                     5164967                     0                           0                           
GPU 0     1410         1512         0                           73                71           252.763           22372442314             0            N/A          100               0                 0                 0                 0.000             99.000            0                 0                 0                 0                           0                           0                           97156836907392              94356903140384              444               0.998        0.790        0.185        0.000        0.000        0.000        0.000        0.000        4457189                     3281719                     0                           0                           
GPU 0     1410         1512         0                           75                71           255.997           22372468005             0            N/A          100               0                 0                 0                 0.000             99.000            0                 0                 0                 0                           0                           0                           97156836907392              94356903140384              444               0.997        0.000        0.000        0.000        0.000        0.000        0.000        0.000        6998324                     4902963                     0                           0                           
GPU 0     1410         1512         0                           73                71           253.640           22372493450             0            N/A          100               0                 0                 0                 0.000             99.000            0                 0                 0                 0                           0                           0                           97156836907392              94356903140384              444               0.998        0.794        0.189        0.000        0.000        0.000        0.000        0.000        4455552                     3282303                     0                           0                           
GPU 0     1410         1512         0                           75                71           252.683           22372519091             0            N/A          100               0                 0                 0                 0.000             99.000            0                 0                 0                 0                           0                           0                           97156836907392              94356903140384              444               0.998        0.788        0.185        0.000        0.000        0.000        0.000        0.000        7612882                     5228930                     0                           0                           
GPU 0     1410         1512         0                           73                71           256.395           22372544704             0            N/A          100               0                 0                 0                 0.000             99.000            0                 0                 0                 0                           0                           0                           97156836907392              94356903140384              444               0.997        0.790        0.186        0.000        0.000        0.000        0.000        0.000        2115556                     1762823                     0                           0                           
GPU 0     1410         1512         0                           73                71           253.748           22372570262             0            N/A          100               0                 0                 0                 0.000             99.000            0                 0                 0                 0                           0                           0                           97156836907392              94356903140384              444               0.998        0.790        0.185        0.000        0.000        0.000        0.000        0.000        7209219                     5065342                     0                           0                           
GPU 0     1410         1512         0                           73                71           252.094           22372595823             0            N/A          100               0                 0                 0                 0.000             99.000            0                 0                 0                 0                           0                           0                           97156836907392              94356903140384              444               0.998        0.791        0.187        0.000        0.000        0.000        0.000        0.000        4228377                     3222388                     0                           0                           
GPU 0     1410         1512         0                           74                71           253.946           22372621476             0            N/A          100               0                 0                 0                 0.000             99.000            0                 0                 0                 0                           0                           0                           97156836907392              94356903140384              444               0.997        0.000        0.000        0.000        0.000        0.000        0.000        0.000        2921872                     2226236                     0                           0                           
GPU 0     1410         1512         0                           73                71           256.189           22372672661             0            N/A          100               0                 0                 0                 0.000             99.000            0                 0                 0                 0                           0                           0                           97156836907392              94356903140384              444               0.997        0.805        0.193        0.000        0.000        0.000        0.000        0.000        5820956                     4253146                     0                           0                           
GPU 0     1410         1512         0                           73                71           254.440           22372698135             0            N/A          100               0                 0                 0                 0.000             99.000            0                 0                 0                 0                           0                           0                           97156836907392              94356903140384              444               0.998        0.795        0.188        0.000        0.000        0.000        0.000        0.000        3503488                     2461488                     0                           0                           
#Entity   SMCLK        MMCLK        DVCCTR                      MMTMP             TMPTR        POWER             TOTEC                   PSTAT        FANSP        GPUTL             MCUTL             ECUTL             DCUTL             MUSAM             GUSAM             PVIOL             TVIOL             SBVIO             BLVIO                       LUVIO                       RVIOL                       TAPCV                       TAPBC                       FBUSD             GRACT        SMACT        SMOCC        TENSO        DRAMA        FP64A        FP32A        FP16A        PCITX                       PCIRX                       NVLTX                       NVLRX                       
ID                                                              C                  C            W                 mJ                                                                                                                                                                                                                                                                                                                                                                                                                                                                                                                                                                                                       
GPU 0     1410         1512         0                           74                71           251.993           22372723743             0            N/A          100               0                 0                 0                 0.000             99.000            0                 0                 0                 0                           0                           0                           97156836907392              94356903140384              444               0.997        0.795        0.188        0.000        0.000        0.000        0.000        0.000        5260881                     3949916                     0                           0                           
GPU 0     1410         1512         0                           75                71           255.123           22372749394             0            N/A          100               0                 0                 0                 0.000             99.000            0                 0                 0                 0                           0                           0                           97156836907392              94356903140384              444               0.998        0.791        0.186        0.000        0.000        0.000        0.000        0.000        4685102                     3407196                     0                           0                           
GPU 0     1410         1512         0                           73                71           254.735           22372774829             0            N/A          100               0                 0                 0                 0.000             99.000            0                 0                 0                 0                           0                           0                           97156836907392              94356903140384              444               0.998        0.792        0.186        0.000        0.000        0.000        0.000        0.000        5229345                     3891019                     0                           0                           
GPU 0     1410         1512         0                           73                71           252.664           22372800499             0            N/A          100               0                 0                 0                 0.000             99.000            0                 0                 0                 0                           0                           0                           97156836907392              94356903140384              444               0.998        0.000        0.000        0.000        0.000        0.000        0.000        0.000        5328138                     4002245                     0                           0                           
GPU 0     1410         1512         0                           73                71           253.479           22372826066             0            N/A          100               0                 0                 0                 0.000             99.000            0                 0                 0                 0                           0                           0                           97156836907392              94356903140384              444               0.998        0.794        0.186        0.000        0.000        0.000        0.000        0.000        2201263                     1791715                     0                           0                           
GPU 0     1410         1512         0                           75                71           255.118           22372851462             0            N/A          100               0                 0                 0                 0.000             99.000            0                 0                 0                 0                           0                           0                           97156836907392              94356903140384              444               0.997        0.792        0.187        0.000        0.000        0.000        0.000        0.000        1743143                     1604019                     0                           0                           
GPU 0     1410         1512         0                           74                71           253.737           22372877015             0            N/A          100               0                 0                 0                 0.000             99.000            0                 0                 0                 0                           0                           0                           97156836907392              94356903140384              444               0.998        0.792        0.186        0.000        0.000        0.000        0.000        0.000        5378489                     3750600                     0                           0                           
GPU 0     1410         1512         0                           74                71           255.612           22372902445             0            N/A          100               0                 0                 0                 0.000             99.000            0                 0                 0                 0                           0                           0                           97156836907392              94356903140384              444               0.998        0.795        0.188        0.000        0.000        0.000        0.000        0.000        695573                      949257                      0                           0                           
GPU 0     1410         1512         0                           73                71           253.543           22372928104             0            N/A          100               0                 0                 0                 0.000             99.000            0                 0                 0                 0                           0                           0                           97156836907392              94356903140384              444               0.998        0.795        0.188        0.000        0.000        0.000        0.000        0.000        695573                      949257                      0                           0                           
GPU 0     1410         1512         0                           73                71           253.944           22372953656             0            N/A          100               0                 0                 0                 0.000             99.000            0                 0                 0                 0                           0                           0                           97156836907392              94356903140384              444               0.998        0.794        0.187        0.000        0.000        0.000        0.000        0.000        5205603                     3670521                     0                           0                           
GPU 0     1410         1512         0                           75                71           253.351           22372979118             0            N/A          100               0                 0                 0                 0.000             99.000            0                 0                 0                 0                           0                           0                           97156836907392              94356903140384              444               0.998        0.000        0.000        0.000        0.000        0.000        0.000        0.000        4697470                     3592693                     0                           0                           
GPU 0     1410         1512         0                           73                71           252.558           22373004520             0            N/A          100               0                 0                 0                 0.000             99.000            0                 0                 0                 0                           0                           0                           97156836907392              94356903140384              444               0.998        0.806        0.192        0.000        0.000        0.000        0.000        0.000        5205335                     3701918                     0                           0                           
